42 37 64 27 84 22 58 54 14 60
57 72 92 99 76 24 75 39 79 56
93 68 5 43 1 58 26 5 56 86
83 64 38 56 20 37 53 49 43 27
77 28 18 32 97 17 68 86 95 22
1 26 40 27 6 30 79 11 99 89
45 84 82 72 1 80 42 24 77 60
62 11 54 7 89 46 42 63 68 40
57 44 63 8 29 85 47 28 94 70
60 51 12 49 20 50 76 65 62 81
65 12 10 85 18 1 92 60 26 70
82 31 84 94 99 35 92 6 35 55
37 93 65 29 84 28 5 51 15 25
1 76 26 26 38 40 52 48 21 17
37 19 83 59 8 78 29 36 31 25
53 82 86 74 12 73 96 67 13 13
82 19 34 6 46 32 87 93 19 65
54 80 16 86 7 17 62 46 33 36
1 19 75 7 4 61 59 4 38 7
49 36 53 92 1 71 28 82 47 94
29 44 44 95 59 57 26 76 62 22
43 88 67 60 4 93 60 17 84 11
4 20 84 73 73 35 64 60 49 74
76 63 59 8 2 2 46 30 40 96
21 36 87 69 97 38 49 11 62 70
31 38 45 67 2 6 13 40 91 8
14 45 33 97 22 87 33 42 54 76
49 14 39 2 13 58 40 4 51 96
63 99 57 19 28 91 72 91 80 20
47 23 55 73 82 20 62 3 26 22
7 48 80 15 88 10 94 85 12 16
46 19 88 24 1 14 41 26 70 49
57 74 41 72 97 97 44 88 70 21
50 42 57 21 52 79 40 40 74 79
34 87 23 74 67 10 49 45 8 48
1 29 35 86 14 68 45 78 1 88
34 62 41 71 21 63 59 86 15 89
3 39 34 30 34 14 47 70 56 92
7 81 95 99 0 75 52 92 4 57
48 15 85 67 88 44 93 48 47 73
16 63 29 71 81 53 88 34 48 52
41 90 25 52 50 68 85 90 64 93
43 81 21 55 24 9 87 24 3 97
6 59 13 25 32 64 13 10 99 47
13 91 37 33 86 14 6 71 76 61
5 69 18 35 97 52 53 45 11 82
74 26 88 47 24 15 80 22 30 33
30 27 8 83 78 23 74 8 57 8
7 13 99 20 36 34 43 94 4 93
3 16 53 43 61 46 67 25 32 68
22 22 42 39 44 32 17 85 44 93
12 60 64 17 74 84 87 14 56 54
49 98 8 87 81 6 72 55 37 70
34 15 80 91 87 68 7 57 63 95
80 51 95 15 96 72 45 67 37 77
23 94 65 56 42 92 73 71 29 56
90 87 46 45 23 42 69 89 18 4
30 72 23 24 71 30 40 10 30 27
17 17 66 56 71 15 24 74 99 19
46 65 43 39 34 97 53 38 46 45
72 87 6 87 69 49 65 45 28 73
44 66 58 81 76 77 61 65 41 33
20 9 40 14 79 2 69 32 35 6
12 85 96 53 8 20 25 45 80 65
54 29 18 41 24 92 78 84 99 49
98 58 7 52 16 89 57 98 3 57
20 72 29 42 57 15 42 69 18 6
4 79 30 61 90 36 70 65 49 8
1 83 65 58 15 87 17 61 44 40
28 31 86 17 76 84 35 49 68 67
0 86 69 53 76 44 53 7 64 55
2 78 76 68 9 93 66 34 54 34
80 94 50 82 81 33 63 25 57 14
39 27 1 41 70 26 47 7 70 44
96 70 40 42 39 47 36 57 84 27
62 75 40 13 63 34 44 13 72 85
44 16 14 72 68 68 42 47 31 86
43 96 96 50 93 31 23 30 45 73
57 80 42 69 7 69 38 90 6 44
70 55 77 2 56 75 79 66 91 84
5 12 38 58 56 55 3 65 78 76
17 46 41 7 0 24 2 47 18 85
74 42 23 26 19 33 56 36 0 92
98 19 89 7 51 80 74 50 43 12
43 10 44 51 81 13 84 89 53 8
60 81 96 23 31 12 20 3 87 97
59 25 63 40 35 53 7 39 9 8
69 99 59 56 56 10 39 38 55 8
61 99 49 29 88 28 97 95 30 1
56 53 65 4 52 48 93 65 19 26
46 14 63 36 74 31 27 51 33 50
60 46 81 55 70 17 11 96 79 1
97 75 26 20 7 71 29 68 61 63
91 79 17 63 97 9 68 67 97 70
7 4 25 16 68 86 79 72 26 56
0 68 66 7 49 61 44 87 67 67
77 28 46 98 28 73 33 3 21 88
94 86 87 27 74 96 23 4 75 54
29 40 21 77 13 77 65 4 84 2
28 28 30 38 4 58 69 10 65 35
71 40 9 31 76 97 84 33 67 69
24 12 7 51 87 11 49 16 9 50
19 26 36 60 60 46 94 13 7 52
16 13 96 19 31 50 55 38 75 84
37 53 93 40 46 87 77 7 68 30
82 44 6 42 70 66 15 1 1 73
57 92 88 93 60 22 30 58 67 55
79 54 40 73 4 27 14 58 67 51
94 3 35 45 69 37 51 84 27 12
16 5 29 79 42 59 93 25 79 42
42 53 81 11 57 58 24 82 14 4
15 62 1 97 23 28 47 44 18 94
25 39 84 5 66 58 0 55 39 29
99 48 33 61 13 48 74 68 9 14
5 64 52 58 13 68 84 41 34 34
75 42 92 28 24 80 46 5 91 35
65 77 97 82 47 78 32 78 71 50
75 91 28 76 33 60 26 29 12 58
7 31 70 75 63 13 77 44 87 46
87 59 85 51 50 98 98 67 9 52
16 45 98 70 14 65 4 87 88 31
42 89 82 0 45 35 48 85 31 63
42 87 89 90 39 65 83 91 82 48
19 56 47 85 4 56 14 61 48 43
32 48 17 94 70 62 43 53 32 56
59 26 99 84 84 46 96 51 76 14
47 95 22 75 26 6 94 71 14 27
66 88 70 39 27 64 16 76 58 61
97 25 84 22 70 56 50 85 0 6
14 59 30 0 86 30 49 51 47 83
38 44 76 44 31 26 67 96 75 61
80 30 53 57 47 40 1 27 48 56
35 5 74 93 90 46 40 91 17 2
82 8 72 22 36 7 94 83 2 84
38 43 97 49 10 67 61 89 68 13
8 8 86 87 85 54 29 39 71 70
43 75 31 35 79 13 70 22 96 68
93 24 12 39 97 19 43 95 88 86
82 89 62 81 76 41 45 39 38 6
35 66 95 97 2 97 60 62 34 77
2 21 1 53 17 98 78 6 25 84
50 34 91 87 80 85 82 40 77 61
70 21 42 82 93 81 67 52 98 65
38 78 3 68 18 24 62 44 85 17
37 65 60 60 14 67 97 30 72 24
1 36 18 49 44 5 25 45 6 39
84 86 39 71 42 37 98 75 19 43
24 83 33 68 21 80 38 95 75 16
86 73 98 13 6 77 89 63 29 26
69 23 19 26 0 11 57 30 8 41
22 47 52 78 6 44 48 10 61 51
66 93 39 74 65 93 78 18 53 22
65 74 96 5 73 69 10 40 8 92
65 65 75 37 50 13 37 43 6 34
83 11 94 66 56 75 82 39 20 23
56 90 0 83 18 43 9 90 57 16
76 33 20 37 24 13 98 17 94 58
54 11 50 75 95 14 60 43 28 6
19 84 41 54 70 3 35 33 70 26
35 23 9 87 67 15 18 23 28 17
65 20 67 59 50 31 49 74 42 91
45 74 89 8 39 59 74 87 52 65
76 20 24 57 33 90 50 32 31 90
71 28 25 19 83 7 44 50 2 78
0 25 99 9 97 4 33 95 7 94
82 1 10 20 69 7 42 89 92 22
30 89 92 83 20 74 93 4 85 60
47 79 38 91 92 17 71 46 12 75
58 99 54 34 77 93 72 31 63 27
44 26 30 99 69 50 77 64 74 79
13 66 28 96 34 97 62 15 28 2
87 35 0 21 45 53 32 80 31 77
50 90 99 66 76 18 74 1 22 95
54 42 54 47 79 95 20 18 33 21
39 64 50 53 6 3 40 42 85 52
17 18 66 94 76 78 28 17 25 99
95 58 99 66 32 58 34 72 29 83
55 78 6 54 23 47 17 96 20 30
41 89 92 35 39 75 81 29 38 37
50 57 13 26 91 12 56 33 67 60
9 65 20 36 97 34 51 99 23 46
17 8 22 34 9 98 17 9 27 34
48 61 10 33 95 42 72 18 21 23
76 61 92 56 88 6 79 66 55 29
64 17 88 14 21 10 73 93 37 83
2 23 80 57 27 39 57 6 80 62
46 49 16 83 74 41 28 35 38 40
74 72 19 27 89 17 86 40 72 2
94 60 70 79 21 12 16 71 93 75
49 85 90 26 75 15 46 75 11 95
52 4 32 22 28 17 73 46 60 66
29 90 18 73 45 28 51 48 72 0
2 77 87 4 39 49 31 8 40 54
0 91 79 73 43 4 72 25 91 64
44 79 27 31 18 51 98 95 20 37
90 63 19 11 70 23 32 78 83 93
94 43 6 37 88 82 62 75 81 98
57 72 28 58 58 21 27 13 79 75
8 6 17 81 35 89 90 62 5 11
97 91 54 75 18 46 21 17 11 66
17 50 57 85 78 13 27 27 38 85
74 78 89 73 24 83 69 71 55 53
90 26 72 0 82 97 95 89 56 66
27 96 94 65 0 43 58 45 81 47
60 48 64 64 49 37 37 52 21 31
16 2 74 77 89 42 48 33 67 3
96 74 61 79 90 83 72 37 75 6
79 27 29 70 76 81 38 70 79 82
39 89 67 69 50 55 28 48 77 28
31 65 45 47 3 10 16 52 55 9
59 31 81 42 37 17 78 42 69 46
1 48 58 73 67 58 22 21 38 46
54 80 41 74 86 64 41 5 88 53
64 11 10 8 68 0 39 31 64 98
64 46 24 70 96 17 23 40 95 91
65 28 66 55 13 9 54 20 56 27
10 67 90 18 83 78 92 59 36 81
23 70 76 96 5 68 35 31 70 37
80 19 21 13 79 75 13 67 87 46
37 0 71 68 45 54 2 8 89 28
32 87 30 66 25 80 89 36 26 70
62 98 24 17 70 59 85 36 76 8
73 99 5 61 87 4 12 41 37 41
19 25 4 70 30 4 84 6 11 73
13 57 22 74 41 27 84 55 49 57
31 77 67 18 42 14 46 10 44 31
56 37 87 68 71 86 89 61 80 33
58 88 73 2 30 11 75 99 3 49
77 91 60 29 62 78 80 54 65 35
59 92 99 7 68 85 81 45 18 94
74 88 50 87 23 87 87 85 4 85
40 1 34 38 65 18 54 71 25 29
84 32 25 22 54 39 2 18 12 23
78 69 44 24 6 20 47 62 87 84
83 77 34 14 91 63 23 93 77 87
77 43 82 52 18 82 4 10 0 9
78 65 49 98 63 93 82 10 4 76
2 8 19 13 54 79 94 52 81 44
67 21 71 63 5 24 83 74 53 24
52 75 37 97 26 74 94 58 17 56
81 14 18 78 80 34 26 75 62 78
45 17 11 11 13 11 93 14 34 54
90 26 47 50 94 68 81 0 11 46
18 15 15 72 11 11 29 91 64 81
3 70 98 95 59 98 75 89 14 79
61 75 65 84 69 81 89 36 96 64
53 75 28 14 46 12 73 43 9 26
77 78 63 41 90 86 52 80 4 7
28 62 76 5 46 44 44 92 92 80
79 19 95 7 96 91 51 13 18 65
39 66 52 26 26 17 45 68 18 53
83 4 25 69 78 27 2 66 56 60
59 57 69 83 67 67 41 61 92 39
50 28 14 45 0 93 63 87 82 3
79 90 97 3 7 6 82 46 3 8
9 41 68 92 54 4 39 25 55 95
31 56 72 86 65 32 63 84 59 73
64 7 92 21 87 54 8 59 39 86
55 86 51 1 30 31 62 86 68 7
72 44 1 69 29 69 71 22 92 41
79 14 15 12 4 21 94 94 86 11
91 57 20 84 3 46 94 65 14 56
34 8 18 66 90 99 23 88 47 29
45 64 30 61 79 41 51 14 80 24
34 69 36 35 40 18 97 25 12 87
47 84 50 76 2 63 10 75 96 73
76 3 99 17 45 12 13 76 14 53
20 92 83 83 44 77 73 36 73 52
98 87 72 49 80 57 11 22 73 86
46 57 30 31 80 89 41 76 51 13
85 92 70 58 5 68 27 20 4 69
20 39 64 23 95 45 65 22 46 68
62 90 11 62 15 64 2 37 1 55
90 28 47 5 0 88 58 93 45 27
58 37 92 71 21 56 38 78 98 45
34 4 30 34 58 44 88 61 61 78
30 20 64 23 60 58 27 10 40 94
88 36 79 96 1 66 30 62 69 17
86 20 49 52 71 22 44 56 61 61
53 48 78 56 59 97 80 49 6 10
23 4 50 82 16 77 71 69 67 31
23 18 55 64 76 79 36 73 64 82
61 7 63 59 24 88 80 28 45 66
89 92 33 69 35 83 72 61 86 9
41 57 39 24 75 12 60 98 84 18
49 36 0 85 14 62 1 69 65 14
43 30 72 71 49 19 11 1 12 77
41 52 79 15 56 55 12 44 85 53
30 17 32 78 1 36 6 4 47 80
64 5 47 66 26 21 85 53 37 71
85 11 39 10 67 17 96 18 27 91
89 68 77 53 84 86 42 95 76 32
89 74 24 98 29 19 45 20 52 97
94 43 29 72 92 76 93 35 83 51
32 82 26 44 54 80 23 60 44 69
15 83 90 8 4 68 10 68 96 9
38 56 83 56 75 13 94 16 64 89
42 4 96 67 71 17 31 96 70 72
36 66 82 76 22 77 2 5 18 18
2 33 82 0 31 93 14 56 36 68
95 92 35 53 73 42 2 77 86 80
86 57 46 87 46 35 73 72 75 69
34 11 65 56 82 84 31 65 0 49
22 66 40 95 73 91 31 87 44 1
31 99 59 11 73 0 99 67 93 59
24 97 77 12 24 69 52 21 53 75
51 10 80 35 47 5 10 79 80 74
57 2 60 6 43 4 5 24 93 40
38 99 12 67 90 36 94 21 33 47
7 29 94 49 95 65 49 11 89 95
18 32 58 61 24 69 96 26 52 36
21 62 4 82 95 46 51 12 40 57
28 4 35 52 63 78 8 76 70 6
5 18 57 28 97 71 10 24 45 96
46 87 88 83 52 84 3 68 33 33
59 34 97 23 83 40 70 3 75 76
46 39 35 87 73 4 35 80 27 76
54 14 77 21 60 19 3 39 86 99
75 44 92 30 65 61 57 59 58 40
66 55 95 73 41 5 56 60 41 97
78 54 75 79 68 89 30 37 73 3
43 9 73 22 11 41 77 57 28 49
44 69 97 46 22 75 88 99 58 53
17 20 89 65 46 86 78 74 47 51
79 42 20 20 77 40 6 77 95 97
79 64 43 40 81 68 95 31 10 76
31 6 70 30 86 94 91 64 34 46
2 3 42 4 32 97 97 42 98 22
51 95 27 14 72 30 52 37 46 20
9 90 36 92 60 7 95 22 94 53
85 79 14 67 90 62 75 30 94 98
46 14 11 61 4 40 86 35 98 37
23 53 85 62 70 10 10 40 53 47
19 44 15 32 35 77 49 83 90 44
44 42 56 7 44 72 84 49 34 59
44 42 62 69 37 34 94 80 4 68
19 72 51 88 24 13 11 52 97 92
14 39 63 65 87 33 14 92 88 62
95 83 46 43 82 12 18 32 19 10
54 63 21 15 13 58 74 98 52 9
8 84 41 40 11 88 36 27 72 47
41 49 37 70 55 51 72 95 57 74
62 16 17 44 87 57 63 48 18 90
36 35 75 24 96 34 90 87 31 68
77 25 87 28 24 44 72 59 93 68
24 94 85 48 25 69 2 74 2 8
77 66 8 27 50 18 99 94 90 22
12 25 18 31 44 42 47 60 29 68
50 22 79 82 60 13 94 47 23 48
28 39 7 10 83 10 93 78 14 78
35 28 38 8 11 58 56 5 27 59
44 95 81 72 43 82 22 34 51 6
17 68 52 1 45 80 82 67 74 2
0 17 77 79 77 54 94 4 8 87
53 1 64 93 94 86 52 68 31 52
81 58 28 27 25 36 8 23 12 62
65 60 33 69 99 46 35 70 84 84
38 85 74 24 94 54 35 52 66 79
27 42 20 72 71 17 14 42 91 90
82 87 8 58 70 4 78 14 29 59
30 61 51 71 62 82 26 23 87 54
64 40 12 78 63 49 98 66 68 97
37 33 3 0 70 52 98 14 88 67
86 11 14 94 52 53 39 50 82 2
55 59 99 74 73 91 69 46 0 29
46 21 19 14 9 31 57 34 65 16
39 50 97 59 81 1 10 53 48 76
90 45 92 42 74 28 70 29 17 74
34 77 51 59 33 86 28 29 64 12
46 55 27 65 97 51 71 19 50 7
61 17 43 49 1 5 95 64 55 3
35 23 65 69 44 86 62 45 88 39
31 39 93 23 77 73 40 95 26 18
61 20 4 4 88 43 39 34 67 29
29 91 59 63 53 47 36 35 72 4
83 94 56 63 70 55 66 14 87 44
2 72 78 25 14 1 19 41 48 16
2 85 41 14 98 37 27 26 67 30
0 64 26 56 31 3 11 59 42 60
82 99 55 6 58 40 24 86 50 14
57 15 47 5 85 12 13 46 21 62
96 64 67 91 17 36 62 30 95 10
29 38 14 24 85 33 73 86 62 82
78 93 18 57 10 24 43 24 51 34
97 9 66 0 90 53 80 89 69 82
86 55 92 77 99 44 30 72 71 33
25 31 35 92 39 30 94 27 39 48
94 92 3 90 18 68 89 90 79 82
28 92 89 24 76 60 58 47 8 22
26 92 19 40 41 43 19 76 29 12
60 22 20 90 25 31 35 27 9 27
80 38 34 54 55 15 29 59 15 57
35 55 27 74 62 33 52 73 67 89
37 7 18 48 13 5 35 66 70 68
16 28 49 69 60 13 86 16 27 12
14 58 87 94 2 62 29 22 87 92
67 29 33 48 8 54 51 64 88 85
49 8 63 69 18 86 97 49 89 25
8 10 13 82 25 24 15 21 55 2
28 10 71 82 9 18 92 22 54 72
73 7 61 73 22 98 13 46 24 41
61 92 5 63 11 20 18 25 25 86
99 11 99 19 30 66 23 27 29 44
86 14 78 93 32 59 69 6 8 8
47 46 12 68 21 14 56 76 89 12
78 80 67 75 60 25 22 88 54 33
60 37 48 26 49 42 58 13 72 92
25 29 34 58 80 71 2 6 97 97
20 10 21 76 64 99 56 12 66 27
65 90 51 66 98 17 60 43 28 14
53 91 43 19 10 92 29 99 78 8
48 37 56 60 1 38 53 50 99 88
13 56 71 44 98 1 69 2 12 42
95 36 8 75 11 57 59 95 67 76
97 9 78 55 79 3 17 87 92 39
6 65 91 26 21 63 90 51 18 82
76 90 61 86 10 62 60 79 42 16
16 48 63 75 31 17 30 61 2 6
73 13 78 34 38 53 81 57 19 61
10 75 94 48 35 54 75 71 85 85
23 98 70 61 23 53 69 70 65 93
3 1 71 5 79 19 72 3 13 59
91 80 67 7 73 70 6 45 86 97
71 61 18 91 40 19 98 72 30 47
55 72 39 40 87 98 7 5 91 44
98 74 29 64 11 77 18 73 33 62
52 86 89 40 9 32 54 92 8 5
14 9 2 82 58 84 39 31 26 2
45 26 99 12 97 70 32 11 82 78
25 45 43 16 77 92 53 86 91 83
7 17 90 39 50 69 11 10 24 75
95 13 72 17 23 95 57 62 63 99
21 31 49 77 37 23 16 25 11 3
62 80 5 47 61 56 56 47 15 55
56 65 1 45 68 46 2 78 9 58
89 64 55 13 22 83 42 51 53 59
45 35 52 11 65 51 39 48 7 79
21 29 31 86 16 59 46 60 48 93
60 47 86 74 13 7 47 63 49 38
14 32 86 32 68 47 94 18 77 0
49 85 80 61 38 5 56 46 91 32
67 54 73 52 32 55 2 70 79 69
93 0 61 74 17 6 25 21 90 97
26 64 61 16 2 38 30 10 93 47
61 42 63 10 46 8 24 33 28 17
50 5 19 23 86 6 0 96 48 50
76 30 31 28 61 79 68 90 87 25
80 59 37 61 66 47 35 64 57 74
39 87 60 95 0 56 74 44 23 76
36 28 61 60 83 8 35 34 93 36
6 0 19 95 1 5 46 88 99 38
22 62 78 77 96 67 3 18 2 0
75 34 36 50 69 12 66 87 6 74
38 20 74 83 68 27 25 33 36 22
28 26 84 72 50 52 56 94 61 86
38 32 72 98 57 13 86 17 94 89
28 46 67 13 55 10 93 89 35 69
24 9 16 81 57 54 80 60 13 42
72 78 92 98 30 84 7 52 16 76
93 44 48 37 21 67 67 91 5 99
36 44 74 1 32 77 96 94 59 63
54 96 13 38 38 91 91 21 49 48
84 57 0 88 70 82 41 71 73 66
23 14 83 11 62 16 37 49 53 94
58 45 9 96 93 38 51 44 26 5
59 29 88 3 5 72 55 84 15 28
86 70 6 62 60 59 52 44 89 84
4 50 76 92 58 12 13 86 96 56
60 20 91 97 23 58 70 71 71 42
62 11 80 56 69 14 26 43 22 36
13 36 21 17 24 15 53 40 33 11
18 97 32 54 50 65 71 59 36 98
15 94 0 38 68 25 74 17 62 43
24 16 32 18 74 17 31 50 4 66
58 85 12 2 64 4 28 65 19 12
50 38 72 25 82 69 3 3 10 54
76 87 54 7 69 8 42 42 36 80
93 23 68 40 72 79 28 73 92 13
2 60 23 5 35 60 14 1 67 83
9 28 47 73 7 35 5 33 97 44
10 4 98 80 63 96 68 45 4 7
64 32 26 39 68 97 14 72 82 49
68 63 62 43 64 7 23 25 85 70
20 65 0 30 56 56 43 73 3 63
9 80 61 24 40 97 33 18 33 1
58 39 53 60 19 69 97 9 92 40
55 55 25 35 81 30 60 52 66 49
95 69 62 68 34 24 73 74 38 72
41 86 72 43 83 68 39 83 72 75
2 57 92 31 76 41 33 48 72 29
72 93 41 2 24 22 95 54 12 65
20 46 83 90 90 65 62 7 23 92
82 9 72 72 4 15 75 20 84 50
72 35 99 34 64 54 30 41 41 14
35 86 21 59 22 18 4 22 80 78
65 85 6 45 97 92 10 78 9 99
44 59 80 28 35 42 4 26 16 64
89 97 21 99 20 44 27 61 33 86
37 56 45 22 63 91 6 88 27 98
0 80 50 9 20 75 54 91 48 85
67 65 25 22 51 67 87 33 75 47
13 22 29 16 50 96 23 82 55 23
35 57 58 4 28 38 68 41 61 94
2 39 31 29 99 54 40 20 96 3
44 1 78 86 19 11 37 97 78 44
64 32 3 6 31 83 34 82 38 38
98 9 19 72 5 25 47 5 91 76
36 18 98 10 7 84 67 1 17 26
81 9 2 96 60 78 14 55 64 21
67 75 23 95 53 82 5 45 87 83
77 5 74 52 60 64 64 46 80 55
92 41 99 90 31 3 94 34 13 40
63 19 88 37 41 16 81 22 90 87
80 85 23 37 93 68 13 39 73 51
5 92 20 36 33 56 72 84 99 45
7 19 6 36 93 42 45 90 44 90
66 58 18 88 25 88 3 22 84 96
98 34 41 25 21 67 87 14 86 65
20 54 78 81 2 62 91 84 85 62
30 55 34 36 35 42 11 97 43 52
4 48 25 17 89 74 12 5 37 38
1 82 53 35 90 91 58 55 90 79
17 15 48 19 24 68 20 45 45 44
64 63 41 82 54 40 95 90 65 86
37 17 72 52 14 10 22 23 30 34
3 85 12 7 65 41 92 83 98 41
98 48 82 9 58 81 38 1 37 52
14 89 37 19 94 93 23 80 28 36
59 3 59 13 44 4 88 54 93 94
29 46 61 17 80 43 99 44 81 13
80 43 57 59 11 75 35 54 17 79
63 21 98 88 0 29 44 8 23 14
46 99 71 89 81 60 88 57 72 59
92 67 55 46 30 3 99 60 56 24
71 19 23 94 4 13 81 36 35 12
43 55 32 30 68 87 77 74 51 40
22 11 50 80 41 70 56 62 28 84
40 37 22 3 88 36 67 76 24 66
9 32 19 90 68 37 62 87 51 64
44 59 27 80 92 67 4 60 81 91
19 79 69 61 18 4 19 13 34 46
50 12 21 6 67 87 91 24 81 81
60 55 89 27 71 77 34 7 11 55
56 4 58 18 9 26 68 60 24 1
27 89 24 86 87 14 75 43 21 37
56 51 26 77 82 59 83 2 33 29
34 48 55 26 47 22 38 87 14 53
6 17 81 79 8 12 32 53 38 54
85 7 87 6 63 88 92 11 20 60
36 34 66 12 35 20 4 53 67 1
4 20 54 85 51 70 31 64 68 27
75 23 84 76 28 15 5 81 10 21
75 31 8 72 95 37 26 99 54 75
66 86 95 80 44 11 20 78 51 0
43 68 5 36 63 99 75 26 14 45
41 61 80 81 92 55 63 34 59 64
3 81 14 78 18 58 73 29 59 92
71 39 86 49 64 34 90 78 89 82
48 13 10 62 83 44 3 55 26 34
0 83 3 6 42 21 7 27 6 10
43 38 49 90 94 84 5 87 63 47
16 95 52 85 90 92 92 93 94 34
93 50 7 55 10 47 13 89 29 73
88 85 10 60 97 56 57 58 66 41
51 40 4 43 89 66 21 2 51 88
97 79 98 35 63 87 88 32 13 15
79 84 18 38 1 3 85 10 32 84
34 27 25 12 99 65 17 59 7 82
23 61 76 23 93 9 1 81 19 66
30 3 55 32 88 57 4 10 79 45
56 43 71 16 35 43 37 69 72 14
0 50 94 86 85 46 38 38 70 82
60 35 44 70 19 40 77 36 74 25
48 90 95 11 30 38 30 57 89 59
8 87 61 40 41 43 27 90 94 52
17 35 57 56 35 10 18 86 30 92
73 88 9 67 57 33 53 89 0 53
77 49 11 85 37 40 55 6 51 19
80 76 18 70 79 59 55 6 3 87
62 25 80 4 44 10 75 19 24 5
90 17 92 5 84 17 68 41 39 36
22 61 57 15 9 28 31 91 86 58
13 34 71 78 36 55 56 44 64 74
50 89 12 28 54 10 31 91 9 47
7 6 11 31 36 84 31 91 85 76
49 79 36 41 15 91 87 72 94 28
70 58 7 85 59 83 59 7 23 52
64 33 86 0 7 52 16 8 42 23
35 69 5 42 38 92 21 9 85 36
22 30 7 42 16 87 62 44 29 97
26 34 31 51 20 27 54 41 19 24
51 54 99 42 62 26 56 21 87 75
70 62 24 27 27 28 32 76 82 30
13 18 49 43 29 38 8 67 42 58
36 43 53 5 93 44 98 82 55 79
11 44 50 98 81 13 40 78 74 45
29 92 93 52 14 81 38 98 78 29
10 75 61 36 88 12 20 70 86 21
14 76 47 42 75 38 78 50 74 26
56 97 62 52 84 57 40 65 59 47
44 3 76 73 14 6 1 99 22 67
21 61 80 68 74 82 71 3 45 34
27 44 18 19 36 85 86 48 69 9
5 75 69 21 22 59 57 96 9 2
84 89 7 29 52 61 60 31 21 5
32 25 2 57 78 99 93 1 50 38
43 42 48 95 7 59 27 65 96 11
26 45 56 83 43 94 19 98 98 65
65 18 50 50 19 44 23 48 87 48
73 17 59 78 55 72 73 19 5 7
39 98 55 58 5 12 76 39 12 94
14 89 41 66 38 89 75 90 13 30
89 25 44 3 41 23 85 10 98 46
93 24 88 76 75 96 34 62 99 55
32 23 42 86 33 26 76 63 93 12
47 26 42 35 80 96 35 64 13 68
45 85 54 34 48 35 40 57 23 51
66 90 51 76 96 44 11 90 18 19
31 28 97 43 97 84 5 93 71 97
58 26 76 79 43 31 19 6 59 82
48 71 50 24 76 29 5 49 58 58
23 24 22 18 51 16 92 85 54 98
35 20 38 75 66 52 22 47 34 9
17 5 79 53 71 83 13 90 28 90
33 7 27 44 29 50 33 16 32 63
45 23 48 48 44 73 80 70 80 39
61 70 98 55 88 11 51 33 77 38
69 35 19 38 95 24 89 50 72 28
48 3 43 63 2 31 39 35 43 72
10 91 44 80 27 83 89 9 19 83
78 71 91 40 12 9 51 56 33 87
46 3 35 1 38 82 86 58 85 13
13 72 61 31 92 56 32 13 79 96
20 99 18 88 70 21 32 84 6 63
98 70 99 30 87 74 15 25 14 38
21 13 70 83 27 44 79 46 96 32
49 82 71 55 5 49 2 31 97 79
63 7 56 85 55 46 68 25 51 43
32 18 16 54 92 10 33 22 84 93
57 8 86 27 41 36 97 53 6 22
8 44 29 24 70 64 79 76 72 53
83 19 76 18 56 78 68 34 36 18
5 46 61 17 1 63 40 59 26 17
55 56 83 94 57 92 31 77 0 17
76 69 74 63 35 85 87 57 24 49
18 39 38 15 1 34 24 22 42 82
82 15 72 55 9 17 67 12 4 20
16 11 68 76 1 86 18 13 9 80
31 31 89 29 57 3 69 87 24 54
23 40 88 53 49 25 44 44 70 53
1 10 77 35 46 51 8 17 27 73
41 20 96 23 66 69 96 22 27 13
67 16 78 83 25 13 31 46 73 47
36 31 69 33 75 78 17 34 98 34
60 33 43 18 24 21 96 9 46 0
2 14 37 60 27 81 37 61 61 46
65 18 13 84 15 2 44 77 59 80
7 8 96 54 15 87 1 29 83 65
99 21 12 41 59 76 78 50 56 43
31 7 27 12 7 10 97 75 62 78
93 45 88 81 50 44 52 18 72 39
19 85 18 76 6 79 95 8 82 81
79 26 36 92 86 53 57 82 56 31
17 13 93 47 55 71 27 74 76 50
68 53 61 81 27 14 16 78 8 9
59 25 36 30 96 45 17 5 92 48
97 79 2 2 75 31 82 59 23 74
27 2 72 7 66 83 21 35 26 52
50 95 14 19 53 0 80 98 34 12
45 0 52 27 62 37 6 85 7 90
84 69 6 7 32 32 10 29 32 43
21 89 9 13 12 86 47 45 51 77
29 87 14 88 81 78 96 29 17 35
48 19 77 79 31 96 21 28 42 23
89 32 76 13 34 71 15 52 88 55
80 76 38 88 97 43 81 39 89 1
60 23 27 77 67 13 73 26 60 38
28 65 94 15 6 35 79 19 62 62
2 10 39 77 75 66 18 82 98 52
47 48 41 68 60 50 53 84 42 57
34 29 98 91 27 3 86 33 47 31
62 57 5 47 78 39 38 51 99 74
38 39 48 83 61 34 86 5 5 77
43 47 63 84 32 42 77 69 97 44
23 16 7 6 94 32 62 67 91 31
88 12 14 75 17 76 39 27 65 99
9 37 70 44 53 33 26 39 35 65
15 66 3 53 73 92 30 41 81 9
91 61 92 98 7 77 20 81 65 88
44 70 5 73 36 73 80 76 49 61
12 73 64 90 10 3 39 47 67 83
95 82 62 60 81 20 87 35 25 93
55 22 18 78 18 80 4 33 81 45
16 56 86 35 75 38 52 12 4 53
0 43 0 51 6 95 56 89 55 64
41 68 0 98 9 2 20 87 71 85
66 38 6 15 4 27 83 66 41 49
53 71 20 45 6 19 4 4 28 29
28 50 23 54 5 97 48 80 43 78
29 72 11 58 51 33 11 84 14 64
61 20 8 70 81 24 6 83 3 82
50 34 35 7 73 36 79 69 29 98
42 90 5 36 51 0 4 55 98 42
20 83 59 57 19 74 50 98 6 92
12 49 98 31 90 37 13 52 77 80
10 95 46 44 24 85 94 24 90 96
38 79 99 14 59 43 50 23 54 42
46 31 76 62 89 61 14 8 75 13
90 97 81 88 45 76 79 23 5 61
36 5 42 50 27 26 61 55 7 92
82 31 47 22 93 78 96 14 47 29
2 28 1 44 29 28 34 19 28 9
82 96 78 2 75 83 26 76 64 81
9 31 82 59 8 95 89 61 17 44
83 97 49 81 3 74 71 61 67 79
19 98 76 76 55 18 32 45 38 12
68 19 92 43 87 80 27 29 57 48
81 11 49 71 76 13 58 23 23 92
39 69 35 15 57 46 49 50 50 14
10 8 88 69 34 5 60 90 25 35
46 54 82 10 96 39 25 84 44 98
42 71 49 66 37 14 99 53 50 30
35 30 65 70 30 4 96 54 72 60
23 63 1 73 53 4 32 32 32 95
57 40 52 53 0 45 84 90 95 36
39 48 31 51 43 19 51 88 18 19
78 75 85 8 22 12 63 71 6 82
65 82 66 37 17 1 25 7 99 41
93 1 23 47 41 10 95 74 56 67
95 55 15 63 45 38 85 24 80 49
42 53 53 39 95 74 25 77 52 35
82 11 38 66 99 56 13 9 26 17
75 53 54 5 57 11 45 38 66 9
99 9 27 1 82 8 40 28 11 13
89 63 38 17 23 28 78 98 19 45
91 43 99 94 78 70 55 70 33 1
98 8 1 95 30 21 46 40 62 17
17 12 45 69 77 66 25 34 50 3
11 64 52 70 5 21 5 14 41 57
76 70 12 50 69 78 82 74 6 88
88 81 32 69 60 20 87 8 68 63
13 5 83 45 43 6 97 51 69 62
31 6 95 47 93 27 23 69 78 97
24 45 33 3 94 2 74 43 20 8
88 14 43 26 6 95 34 83 57 39
41 94 64 94 19 96 34 77 36 6
80 7 89 46 91 74 21 67 27 1
79 44 25 27 67 91 33 88 78 80
25 29 90 14 41 53 18 49 29 13
10 5 24 62 58 60 12 81 46 19
86 92 47 76 93 90 62 55 51 16
10 45 63 17 93 87 33 36 83 35
41 21 46 0 7 47 37 26 36 6
9 29 13 52 86 68 83 55 84 80
96 88 59 64 22 15 44 88 22 54
57 1 23 1 11 26 7 26 65 81
94 4 28 50 22 35 62 7 21 23
74 50 32 75 86 17 21 32 52 89
96 19 54 82 70 7 51 20 11 45
72 39 22 69 29 34 87 79 3 64
35 56 30 27 13 97 66 59 13 74
64 78 1 30 63 0 41 98 27 23
65 77 33 35 2 1 67 98 84 58
43 74 37 12 97 99 13 50 43 73
77 91 63 57 92 23 1 78 83 5
68 74 95 55 64 13 35 70 52 49
94 96 38 54 55 20 20 18 39 33
67 76 93 69 72 37 3 88 34 79
43 48 95 47 92 56 57 11 93 61
95 42 25 65 66 33 3 29 88 3
39 15 56 63 9 75 78 43 74 37
42 53 46 96 9 22 6 30 70 16
80 25 86 22 99 90 55 99 71 36
52 49 70 37 37 15 91 7 17 95
50 42 30 74 46 24 62 25 69 61
83 58 41 76 99 85 11 25 51 17
99 96 98 96 12 93 52 83 18 84
25 89 59 55 20 94 82 99 40 97
5 85 25 7 11 91 76 91 97 63
99 30 3 46 30 74 76 51 12 28
44 88 89 65 95 99 22 0 91 96
6 53 95 43 36 59 93 19 72 3
36 23 99 69 27 3 18 47 73 25
22 52 48 7 61 87 4 71 0 78
90 46 62 97 83 59 99 8 54 56
75 87 0 12 0 78 10 28 2 12
58 29 44 79 50 37 61 5 22 36
3 4 62 99 56 30 22 84 80 13
2 69 10 65 85 61 50 46 38 98
50 50 57 31 71 84 19 99 68 14
99 30 15 1 18 39 93 51 52 29
65 9 50 59 50 69 43 27 3 96
1 97 46 59 49 42 26 73 47 41
4 63 41 91 19 40 52 78 10 96
74 97 91 71 9 56 1 26 47 16
17 59 16 54 58 25 20 27 10 46
95 81 4 46 67 55 73 8 21 96
73 25 3 50 80 17 98 33 73 17
70 50 17 24 35 1 76 78 72 61
82 40 68 8 60 57 83 78 9 74
0 80 3 20 15 90 74 38 80 91
73 73 29 2 10 82 89 54 85 21
65 40 10 11 15 79 69 4 87 50
61 25 19 57 85 16 4 22 83 73
78 32 93 42 86 23 10 99 28 92
86 99 54 68 25 47 95 96 79 16
15 55 54 63 68 44 75 89 89 72
1 38 11 16 13 89 67 78 87 9
19 21 79 84 56 71 59 49 87 9
17 98 3 44 44 34 97 16 32 78
9 43 89 93 89 87 30 95 93 40
58 56 11 28 10 83 53 91 82 96
10 61 86 92 83 94 50 86 74 5
69 93 18 21 42 2 72 18 20 94
35 66 56 75 61 4 47 31 85 3
7 7 31 45 16 55 66 94 63 88
54 78 77 58 6 43 82 76 13 62
39 57 95 44 17 66 0 54 92 65
42 44 1 1 9 59 56 26 55 98
62 95 50 57 1 78 11 0 34 39
56 24 71 13 5 38 16 0 11 21
40 87 31 71 51 60 55 34 12 29
15 1 68 53 58 4 37 9 64 58
52 45 45 30 23 2 0 19 0 9
70 51 94 62 78 89 11 98 4 9
10 16 38 75 69 48 87 61 65 82
72 61 46 8 20 48 30 35 76 31
19 33 64 73 19 75 30 72 52 81
73 49 28 28 61 99 21 57 79 11
13 8 59 94 26 83 98 21 30 29
57 99 2 99 31 47 60 56 20 66
54 77 82 5 57 23 8 46 89 17
71 26 30 0 76 78 71 35 73 1
76 86 58 78 53 11 86 45 87 86
85 46 70 67 78 16 46 5 3 33
7 45 51 69 11 4 66 3 52 20
58 36 84 13 67 95 47 20 92 47
45 33 51 0 64 51 14 69 3 76
81 20 38 96 37 45 85 62 53 2
73 29 72 85 63 55 46 24 67 66
16 70 2 40 14 74 2 15 63 45
71 24 57 43 88 70 0 84 7 72
24 53 26 61 4 94 38 76 6 29
93 94 59 37 41 35 83 69 11 64
55 41 1 77 89 34 65 46 72 29
80 30 17 44 4 95 50 2 73 97
98 4 64 21 14 57 20 58 44 82
68 47 11 1 97 74 28 87 99 57
37 16 10 93 49 12 45 17 8 98
36 76 53 59 78 74 8 64 41 31
36 50 35 61 76 96 91 26 46 42
56 71 1 1 40 38 52 88 98 1
89 69 86 50 82 98 10 11 93 72
49 5 73 43 4 38 24 86 64 42
75 25 93 48 0 32 78 35 38 78
97 55 60 59 10 58 11 28 68 57
70 32 98 97 29 30 93 95 14 24
19 82 75 28 25 92 36 14 30 88
8 19 36 47 81 31 52 31 1 63
37 85 90 38 63 85 57 33 12 54
28 56 45 98 16 98 89 73 56 31
98 76 73 37 46 62 9 45 64 84
31 24 74 60 21 9 91 26 85 38
15 52 69 33 53 53 0 70 22 78
27 1 39 23 79 66 43 18 6 74
60 59 54 12 30 86 91 56 11 18
81 16 73 18 99 34 57 64 67 49
47 25 48 20 64 41 40 39 77 1
95 41 95 45 1 33 53 49 7 85
87 54 54 24 0 78 84 36 48 39
86 77 97 20 79 66 67 5 95 4
3 44 16 75 72 95 23 54 81 64
1 80 94 29 58 3 8 12 62 87
49 56 76 75 93 17 38 73 9 83
38 43 60 41 90 40 67 83 28 1
54 49 93 61 34 14 93 96 98 71
55 66 70 80 4 66 35 32 65 24
56 40 49 37 44 83 43 93 52 68
14 64 11 77 65 93 94 51 59 12
73 67 37 14 53 84 43 89 25 5
70 40 76 1 0 77 32 52 86 36
50 94 89 57 21 87 26 49 46 25
46 45 73 87 52 27 6 2 68 47
62 50 97 84 10 77 62 4 77 0
73 32 34 62 95 33 23 39 69 72
89 70 19 19 45 92 54 21 63 34
26 94 20 75 0 87 4 35 40 55
74 71 29 30 73 76 59 46 25 31
83 6 46 66 2 64 7 8 69 92
37 27 17 45 1 99 24 71 16 1
61 29 57 18 22 78 4 35 80 31
99 16 43 45 80 76 34 31 84 46
96 16 63 59 5 27 78 74 78 21
92 20 2 64 18 36 93 2 75 36
70 60 26 10 92 30 77 93 88 21
19 5 71 18 9 75 47 68 87 55
2 98 17 69 25 75 70 67 52 56
13 54 50 34 69 27 67 23 87 98
83 54 54 89 72 59 28 28 18 10
93 44 2 26 19 46 85 41 61 95
93 65 1 90 75 7 92 21 33 11
75 64 1 4 53 83 52 23 63 8
79 48 85 17 55 53 68 66 35 47
43 87 71 15 88 22 81 44 85 86
64 97 3 73 68 72 93 29 29 75
65 15 57 67 38 59 70 44 51 69
53 78 24 46 86 61 30 21 82 66
75 4 41 75 49 41 75 97 64 13
91 82 88 92 9 27 31 0 99 26
79 24 23 1 55 8 52 27 46 69
10 72 22 99 27 68 64 76 21 52
21 54 85 35 13 71 26 62 84 26
80 65 87 56 82 93 76 69 11 31
86 10 36 86 93 27 17 61 36 46
32 15 39 40 84 54 10 31 54 52
86 38 48 23 18 36 54 56 57 66
88 28 38 3 49 43 7 75 44 92
78 20 64 5 74 67 17 64 64 40
31 5 98 51 42 96 75 42 33 79
73 81 58 81 64 33 73 34 6 73
96 65 5 80 74 36 57 14 77 97
58 79 4 87 59 33 21 90 15 26
80 55 59 42 99 29 95 47 75 81
27 60 90 58 12 27 25 35 83 21
73 31 6 58 31 80 88 43 17 75
34 66 39 27 68 92 86 98 32 71
18 56 2 53 25 61 67 1 55 15
11 10 64 56 19 79 87 74 2 15
70 69 81 85 99 45 99 80 16 81
37 74 5 28 85 59 90 93 71 48
6 29 0 83 71 15 39 85 54 72
75 92 30 80 29 12 32 55 65 62
27 90 52 59 20 77 92 41 91 79
96 24 84 97 31 8 70 12 74 40
60 64 74 9 89 6 35 19 73 24
4 58 13 15 72 23 35 84 58 51
23 14 14 87 96 33 83 85 84 38
72 76 56 43 32 16 7 64 82 95
70 99 81 43 59 81 84 93 85 27
69 39 38 65 79 48 25 5 93 95
70 80 86 77 27 98 8 90 68 31
19 92 0 25 36 95 12 32 37 4
29 32 7 64 22 4 87 18 49 4
87 23 22 42 58 93 26 11 32 10
85 69 74 96 14 30 71 86 33 77
66 47 49 38 80 21 90 29 68 24
32 54 44 20 95 51 48 1 63 84
17 75 82 63 53 88 57 40 10 27
65 35 56 80 65 31 86 55 38 21
63 94 6 46 26 87 28 60 28 10
77 36 3 20 66 3 84 87 67 99
76 94 58 72 62 35 96 63 50 54
23 29 92 77 68 45 0 57 33 24
16 30 42 0 30 97 0 68 12 61
75 23 66 0 63 99 43 24 18 47
62 28 15 83 99 60 54 65 28 6
97 53 33 77 41 44 49 45 55 92
16 80 6 91 32 15 56 71 81 46
12 16 9 80 26 81 9 52 73 84
3 20 10 63 77 5 23 56 18 38
13 92 84 59 79 54 4 51 61 25
20 86 60 9 7 60 88 32 15 1
74 61 82 23 61 95 47 54 51 88
4 19 80 95 69 53 65 22 3 56
67 54 99 76 37 96 47 75 21 78
5 90 44 11 55 75 15 8 24 50
29 10 37 47 0 77 63 99 53 60
20 84 19 43 87 76 41 26 49 53
9 21 85 9 87 95 34 47 2 16
54 20 24 93 80 93 55 64 65 61
16 46 68 44 75 15 81 79 2 93
57 80 83 31 43 84 73 86 97 85
93 55 16 32 31 94 23 52 67 34
2 37 40 5 48 29 99 15 78 52
80 42 48 95 39 59 47 44 59 37
65 29 84 97 51 83 9 50 39 58
6 33 99 77 72 1 97 94 47 46
45 73 65 92 88 8 39 10 84 93
62 74 29 76 52 2 36 79 23 38
57 67 99 30 38 90 97 59 60 57
68 80 78 67 27 71 86 45 20 21
86 65 98 57 57 10 58 10 83 52
10 6 49 53 2 14 21 5 97 48
86 75 25 64 21 24 60 77 31 16
71 74 12 58 81 82 19 6 93 28
19 95 53 2 45 71 10 31 62 68
57 12 40 96 83 98 8 48 5 6
60 64 44 8 48 31 97 62 7 65
27 3 4 28 3 45 25 96 45 98
96 97 62 18 73 39 97 19 81 76
28 91 18 33 78 87 25 97 27 23
3 83 75 74 12 89 67 88 8 29
30 37 46 4 59 70 42 44 48 66
39 51 36 16 91 17 99 60 15 36
28 37 97 27 85 9 0 33 45 74
67 9 37 17 69 56 97 54 83 90
25 80 8 53 48 4 50 17 46 6
25 50 16 72 79 94 40 49 8 74
52 42 78 50 46 67 77 42 64 7
50 55 40 44 89 36 63 47 0 80
