54384 79427 65012 75558 48359 73859 25436 26966 80264 22089
70741 15019 37402 60126 82382 55218 85392 17873 1537 94052
17843 22376 52971 94704 97869 15127 35323 92798 79216 52813
16425 61585 335 90238 51092 63208 7108 86328 6103 42122
15801 65209 28627 61038 49513 3431 21598 73280 27308 60562
13990 36185 87913 94171 6568 53632 42936 92727 76376 17743
77773 7945 85489 87043 85985 48905 15890 56337 41256 89830
19199 17152 74750 14018 39478 80485 22252 38125 67062 83565
31516 70686 35755 84454 23576 74196 48481 67773 58043 33033
86190 25374 8474 48368 6033 82748 70476 63504 82647 37264
29071 79192 80603 63217 21245 67442 41823 75168 15627 41937
33798 27113 96446 51903 15240 18593 73078 82879 12698 11514
42216 85040 32752 9278 1949 13944 97268 58861 65331 29916
61668 97194 46903 70880 33782 7868 77429 72514 33702 51140
79244 79645 86720 71019 54590 97431 19208 5576 19018 4793
81154 37109 98947 89416 88105 33463 83330 48329 95879 55236
83887 98675 33470 83707 66495 19336 17867 15627 55127 58951
17966 65014 95677 55338 11476 72934 80175 44406 79263 34297
4527 30242 26913 17088 63286 10055 79512 40093 85795 89143
15523 41147 30878 92342 81329 2797 23165 27300 29902 2796
61582 36147 8441 11604 32043 75210 10926 7367 67554 57119
45263 93109 8215 88949 37794 7388 28539 9571 68440 52220
75645 46585 98713 92431 7319 34505 27209 97042 76842 49662
16308 49919 93108 17529 36059 88013 6982 68184 47220 18778
32709 3264 19645 14125 95456 2198 69724 45405 75024 60826
83591 12220 42394 14606 68486 5847 84988 96296 26840 36492
1781 68644 21657 83043 88573 69378 31739 13497 95175 61492
57477 95606 86526 79594 51365 21181 3735 8505 46224 32179
64898 72769 8358 22555 4866 60794 6826 93592 35500 36616
49274 10054 16843 49819 69125 29638 50941 81227 23177 31660
78603 1911 50827 39552 1059 27265 60175 78908 17735 89548
69603 99809 82721 91192 64288 45803 69904 99501 98396 13417
21117 33962 61950 11400 28970 49779 90758 75355 95466 81857
94859 55011 29792 70075 5282 28749 55940 72682 94097 64891
12859 755 56616 99937 31684 24707 63957 59250 21799 72890
71638 78232 78592 48186 63865 73432 9388 83717 39003 93845
31924 82626 26188 94118 30165 95123 93979 6352 36168 86643
40122 79939 52911 54591 6079 43549 61586 17608 66880 17103
62466 92566 41065 16001 58920 59734 38886 68304 29033 99965
94576 70015 13017 36029 31588 73261 33469 79793 9423 39129
37178 90501 42082 87684 32461 29969 54165 4934 37024 3560
14781 83285 74809 12255 53436 89524 93052 70278 33769 87230
93319 43146 75744 13773 27296 34176 9456 89232 38589 6019
48693 44489 60984 77655 60253 26220 69544 64649 71005 63745
57133 57316 45178 1604 29107 75672 59716 34069 82407 50348
58756 1919 2376 42084 65050 84057 14700 34169 91148 75762
84504 19608 72843 55873 66821 57556 50039 99810 27385 24874
68119 65965 85575 29628 96899 68104 95088 69369 54003 36812
76416 62074 66091 93760 98515 35136 11314 67350 71799 50973
49583 12291 1892 89124 80907 55343 23013 81798 66484 22309
24218 84515 12789 57112 9605 63297 48174 46658 99493 83699
55703 55515 36466 94945 57642 63343 88214 8448 4863 66965
14371 34037 61275 84914 48024 43378 67795 79638 24181 65878
18982 78807 32647 22678 55978 93868 78864 57310 62163 76131
16272 7453 68811 69594 18058 15088 51008 22824 61792 8685
63684 78771 87377 87942 10588 39168 54288 23914 30443 96593
93941 81105 1603 36326 98554 75652 89998 88459 73813 1971
53559 8584 42070 23909 32259 36231 80812 85148 50051 84134
39952 93874 15150 71965 53672 58403 47780 78347 21569 33230
37110 77182 30293 80796 53805 30480 37878 77889 48351 80833
43239 28173 36095 27115 31821 44173 27094 84596 59051 95093
31957 19063 73003 71593 73040 42014 71662 73462 32655 43816
67836 64956 21232 9392 54689 19638 12684 68663 68830 60075
79504 68162 18890 5675 96232 13074 77734 45912 41404 72935
10151 68971 86048 58988 43878 30913 5775 72158 83397 18812
78431 88148 90931 90495 77609 47671 691 90980 12215 47855
84582 14476 89123 6884 94426 84480 31972 67706 75443 7074
57545 55033 48537 80700 64306 91385 81801 68030 53357 40148
6329 24545 37784 5413 46428 11785 28189 32085 96974 64124
93944 2553 87570 84700 89865 46168 99367 43167 54972 21722
20511 41806 7490 98863 26537 56876 65432 68178 60434 37534
11725 62350 84887 96228 33179 21749 6482 76388 90769 70683
41651 93112 92293 80114 93897 26060 11517 9612 36932 91
91607 61383 62814 99897 92601 25013 49886 35285 29466 35083
14264 34411 96628 76586 96921 75878 8748 7035 11883 69370
18633 18296 19786 32974 60945 80231 84211 36380 62673 80499
51412 83340 27834 78108 62461 70621 18645 16760 13077 16281
95655 87933 94788 5045 85533 6316 64934 35187 28399 28100
97640 13789 79613 86554 48576 11683 15075 80980 57157 60680
26236 9267 13830 74599 21062 92822 36133 11232 33782 66964
35931 86247 33172 62639 6487 6243 94085 97398 22037 34402
54413 72051 56350 31786 6595 34985 43717 74417 51390 89287
29660 59302 13633 7834 77682 2467 66468 13608 73965 85790
76702 10511 4058 7143 2011 76264 28481 37368 12961 66253
47803 73502 14350 12543 87795 49977 30623 94536 83693 61085
24220 46498 64365 7873 15551 99841 14969 2749 18102 54053
26524 99900 83812 40601 90220 97373 90198 52773 65645 76349
32219 72932 352 46385 12675 44518 90189 5307 74528 76826
1443 21524 89428 43103 66419 83612 59945 30301 59060 34555
9245 88661 44838 58419 94831 4034 3036 78260 33310 4238
3770 87119 82648 31076 56078 86817 98764 64107 59882 65372
71627 99148 88868 78914 85169 20556 59725 83589 35229 84318
61739 61673 84919 1029 30265 13888 74847 70644 64171 9790
71574 97484 52991 32081 27003 3643 59619 28780 8227 76197
31802 37486 87549 60355 74697 70944 15955 52439 80086 54684
78913 90070 7861 41695 246 47707 52096 94985 3091 98924
70338 39356 13162 63171 42986 62370 63661 67795 21443 22491
24082 94929 36525 51081 76558 58759 46895 29543 55617 74984
82853 83577 90254 3165 61008 95673 60166 69602 5649 50771
37614 36634 87205 71484 4098 66827 28101 28114 16672 51029
56064 53219 7364 74929 42907 25254 99856 49432 38223 16676
13044 53878 31784 168 30955 62993 57735 24621 63445 74613
3673 67758 51979 1616 65775 39597 36131 97551 41691 98365
25302 51312 1246 48911 72800 53759 13899 64761 16010 92743
38248 94850 25623 75726 85525 98368 88287 50304 34478 25536
52078 14227 74421 71929 48765 25649 68930 3032 29128 48994
62322 65858 14343 55053 39354 58530 54223 54431 76287 51906
37506 18816 70372 19958 75551 65694 43696 37265 37537 56590
94147 92986 86825 9420 38853 15131 29510 78575 12426 47011
96680 33835 73685 15644 79019 90939 33488 45478 71927 48303
42373 18759 15257 90327 98462 12893 59943 29262 27507 51131
59809 60202 4812 77788 37861 6191 13490 98805 7691 26635
68019 75296 23010 41747 58936 20595 19960 61087 74255 21414
73514 61918 17154 8158 13807 21744 55041 79988 4575 40245
47737 56176 55061 126 80039 69271 24815 85775 85003 71429
65585 82763 92789 47413 86602 34350 24199 93958 59491 46926
49884 4071 37842 12287 87216 64237 78300 24348 56688 14161
49285 56833 911 62972 8125 4489 85171 28973 34118 46012
90590 65421 37953 26996 47731 70939 90726 64719 99986 73735
16491 82115 41882 49145 32705 6286 27908 62523 32569 49263
33088 84694 62034 3537 34147 68660 9832 99121 73015 27781
90496 99350 24380 10028 30906 60572 564 40124 23345 56008
91426 42170 33399 40459 93635 28469 8689 34879 844 42359
21514 52406 43183 97450 86748 89107 53112 28620 14213 47747
88109 73245 20496 44214 20437 97729 91396 45336 92618 11846
74393 537 38410 76797 15744 75626 53150 74904 88803 50280
12261 50787 74688 97101 62951 84606 21820 23223 35722 63704
6978 45624 41337 13365 13851 22220 49838 376 89944 27825
95592 36038 92780 86504 34394 94595 7671 19856 40962 51410
6061 93508 96840 87192 90870 65487 51495 95431 99787 74954
82575 94293 40598 39385 98505 72764 86437 85987 8953 36953
73247 32341 56912 26217 40342 31552 12702 84127 74490 4639
7375 30660 74914 30245 14203 3344 11672 60101 17047 53227
9270 80656 48903 86811 23415 11178 26286 316 33056 76534
3808 83774 8499 7775 10764 11522 10475 78869 66508 78672
7337 70644 58704 31815 67351 17280 12624 27059 63923 48420
48614 89503 49801 19197 4991 86750 56105 52086 49921 19286
41219 3431 99674 17047 68694 16043 16898 66002 74508 24175
73070 89370 89262 37170 77525 76758 63064 47281 88874 65426
50841 13572 69115 34048 44989 83158 50766 17023 89847 14301
86599 76424 97879 17125 37250 74577 19630 70565 68372 65685
8061 37140 27584 8583 34662 48948 72044 48755 16715 10555
74394 95363 98138 15251 26315 25711 30494 38882 52951 62173
98996 3827 60837 24354 1187 53770 52458 18179 48004 48268
91494 71982 88107 52093 31783 77531 4788 84322 27860 64747
76689 41444 72943 18353 36287 22703 16684 41426 1478 2221
91861 2026 61767 38264 18209 21137 17582 74831 5043 86692
36498 81293 79196 9588 31946 47294 65039 75710 45511 3369
44468 20971 13833 47320 42059 13841 57824 97099 95171 32851
49137 57534 18066 9576 81710 62535 55682 46759 37962 88273
88861 5538 64916 12711 84583 71260 32798 35718 44921 9455
56193 16268 86676 97561 9641 29104 96169 54304 78695 91846
44109 13894 2157 16027 18168 85797 10036 41082 52457 12622
73467 52507 5291 35176 54966 62403 68954 72129 6207 14369
65097 78727 94927 61115 59165 77461 12663 72094 50558 98949
74756 9972 15714 21433 66677 86536 93870 76737 99165 60625
38414 20838 87515 47849 99048 11158 55530 72008 24482 34731
39342 38137 11536 57736 34240 28960 73453 7827 22019 30900
50015 12660 89558 16094 22174 19308 58440 52794 44462 92446
32049 51304 14991 11592 39054 10194 21639 15934 60033 3322
24438 28575 47549 40475 26670 57342 85386 22889 57642 94020
71761 8711 34429 88687 6713 33234 3563 89103 17721 29723
17835 57260 33559 67821 5438 44112 3623 1449 51686 12776
27112 81707 11596 51371 73150 19899 36305 63829 21871 71545
2994 44921 87701 47398 2258 26183 68188 47014 75642 72685
91954 76158 44111 29629 87651 26236 15999 59178 12709 53815
43619 10590 38808 49674 78369 80503 12435 89873 94455 58782
98980 8899 7422 93296 52410 16708 4273 86863 41747 92829
87487 63684 22800 95315 83148 92016 43211 70613 71502 96784
7198 9950 73048 8313 5699 81861 35401 33394 10169 80450
20919 75394 45860 27034 6068 2688 68121 7535 64897 68598
9926 14766 56181 90072 51403 39268 68459 61644 33360 93106
79684 19438 89429 54977 1388 37684 74977 84796 75864 84796
18905 80998 65192 64561 69029 42560 25533 91329 41298 38016
97875 96546 69355 31700 82942 61101 1836 89322 33154 63108
97812 38384 21652 53419 93668 48957 22992 36061 77691 84088
31768 17894 24470 42573 21077 53797 97234 65420 50052 39518
63174 38925 18494 14723 3504 67966 31737 93345 52333 80028
91192 43551 59121 93298 63197 43681 66715 62299 85671 67394
21114 75950 62757 34367 63017 91238 44703 84476 69475 88736
90707 14132 71231 26082 10810 62585 63399 14072 33273 72929
89167 86914 36962 10201 65331 40003 29178 78945 99618 810
64514 57453 82999 66945 71618 85537 64194 32840 15160 26740
14602 94090 30387 98358 14764 5790 32009 9505 99721 39181
22973 15454 85075 26512 92219 50679 99856 86146 35162 30141
89709 93345 33795 32966 21881 37941 53197 9195 45218 83898
74965 27530 77697 94152 15872 35599 51837 84423 61551 68502
76249 7368 59982 51464 29915 59871 47835 38096 89682 45895
46507 69127 57488 32293 52345 78084 458 9743 33196 29277
959 3525 48394 75012 51734 42385 54552 86936 29478 30610
67407 34111 35164 9475 39624 69943 54277 84356 71493 56396
44610 56305 13995 74153 66401 37749 46884 9983 90055 89367
21258 83995 20277 31953 72272 24264 37590 90402 71105 61457
79789 94114 92532 23553 68902 39425 84888 37741 14994 31431
19082 4299 77653 55077 12305 40310 90970 89642 81287 79426
4515 62593 82009 41281 75657 64991 12203 84926 88589 9584
73095 74233 15254 71624 26247 77776 6594 48925 30347 74851
73418 68795 65492 59039 27735 77254 35248 33122 84131 26697
11758 15517 96624 68645 25696 64498 65591 28287 90466 74068
22022 60254 21745 27951 872 32278 19424 93002 23594 47303
72801 50243 72926 74034 24619 58124 38629 45378 3140 64451
78324 57080 91127 39582 94434 18405 80349 90765 41574 73770
17449 14968 90632 69854 74418 14686 74730 32902 43292 62706
95064 44753 102 26429 70891 56684 2936 89800 36921 4763
25015 4692 32815 16322 19681 69960 54557 5884 52798 67478
82976 57799 950 63705 95870 92363 71598 57959 3960 29334
28652 15985 47404 74821 27296 73731 36979 22380 36040 6843
59603 1888 18806 74267 27378 59376 16213 14294 34731 80234
56359 79347 33112 71975 87071 84859 66468 58750 36558 65680
78864 65739 88299 6453 16805 50477 7202 74070 81626 51637
26574 80204 70888 33921 37256 35505 85378 37207 56500 9032
63438 18652 98902 74494 30491 96688 54651 14392 16862 35248
44559 88581 34194 38626 27064 99311 86053 68897 2574 38927
90750 99203 76734 23978 89640 85110 88730 86008 4647 24551
32339 35596 99078 50640 11183 95122 70259 56068 43852 56140
61873 49773 53121 14223 68055 37479 43420 95934 70228 93519
41879 91495 21439 16968 23870 54897 99255 74738 16428 67309
37347 59550 64059 44408 44836 15180 66056 64436 89832 57521
1366 10916 59337 93042 80679 60594 83995 79209 64624 95740
29227 43815 24829 94352 97500 76099 75853 33255 11311 77059
89032 2725 53203 36032 86321 36378 42495 28577 25833 23431
46276 40313 39188 33253 11874 80610 67452 99219 51640 81096
3072 64200 49706 83973 66275 55103 42993 50015 19604 55193
26801 38434 62668 38518 17340 58294 81706 14698 95541 69248
6231 54962 93731 35565 88997 81700 95969 16419 21314 7454
24972 78130 49112 70957 68507 89041 34382 94054 14411 81704
24287 80284 51270 93666 60786 56807 58269 69088 61297 20619
41355 67095 28158 76133 11603 89527 26660 51409 64866 57861
24817 33722 8607 54273 60256 66259 19553 25246 68730 19842
24968 70300 38885 96634 96802 85550 82542 97101 50816 66027
14640 275 1233 97978 93195 58786 9058 23625 24139 20136
48250 96478 62635 93091 59556 73850 90704 27601 77369 9724
78565 64207 26885 30472 70722 58359 28333 25997 83932 22593
81831 64367 35045 20204 49680 5440 93755 28274 40285 3075
61598 94586 70377 91858 92863 27827 65468 30184 38964 93520
64073 83196 71394 61005 58330 80189 7452 4154 71891 59812
43764 68306 54301 94173 50150 63189 35104 54417 53379 73166
83724 51991 90439 81927 67900 59826 132 51794 32395 87991
53387 77841 14790 92676 25527 40487 12085 81593 26288 53057
58271 19099 17732 69867 31727 90676 10617 35626 62975 88268
25164 3173 26652 56057 799 54086 93753 71933 62647 41766
35957 67941 21320 15238 91718 85759 94646 39049 52668 46125
68008 4560 77936 58273 54986 86237 76355 30720 22618 37363
41970 73982 48911 91124 53242 49320 65290 84172 91577 25068
33216 34159 59587 72950 44671 67845 89506 79001 89942 75206
55979 3720 34927 56202 87393 73582 15693 99210 54834 47947
37818 98277 96482 6614 26202 64171 70704 24494 72589 97964
24342 1750 340 15312 85389 91696 33241 80836 95971 53597
4093 87369 86815 80701 51353 73515 66473 25020 63147 98084
20525 73697 68206 59265 62686 25668 25331 29715 58381 75781
6008 33971 82456 94275 82880 38090 89453 60922 4181 19482
72526 51643 40205 81137 13781 82396 83608 65175 96407 90108
32824 72412 76554 21572 43217 45745 2680 53119 37921 9788
32301 69843 20762 38167 97700 56055 69202 30887 55933 30564
95948 4537 68211 87198 51237 3290 63865 17709 51811 33021
30437 20689 35137 76322 93467 10830 30582 2420 47319 44681
59434 63681 65455 72062 66960 93430 16814 8134 45128 83205
62537 88439 30612 31276 24766 82845 43308 66650 15930 42158
49266 91732 88348 56922 83449 42106 44528 68637 64217 24669
45593 63404 18122 62662 17406 99221 35836 76489 95667 91214
64442 45178 40820 93610 38970 83222 64780 82679 57041 58380
27327 67108 38209 98959 30006 24820 11492 39324 31344 51951
83992 782 66582 81620 63850 51092 35827 41104 64978 78693
82464 90346 9612 20480 10461 36766 10483 90719 65722 44466
34833 12874 48759 51304 68493 62060 29239 35288 95834 43149
3141 99660 38648 11471 26512 21981 84072 71810 47324 8697
16097 82705 56302 87965 96891 96443 21893 18812 99417 79546
26116 88094 87509 64390 55624 47301 87367 34335 24887 31849
1966 79577 62431 53741 48265 69921 31999 29700 16936 93284
96433 58150 48939 57076 82453 27135 97215 70740 99339 69295
51635 38685 39126 6890 17303 87594 1889 76902 59734 10643
18827 79150 76485 17595 31586 24556 88024 18151 49424 30058
52747 4675 56900 22654 57396 2838 25033 175 54366 53798
11748 31516 44692 77864 84853 55464 36445 3025 55693 2611
87442 34121 50383 50514 64523 77937 21020 44603 60159 21051
74915 87829 68361 78378 40657 56169 61501 2336 97364 54971
81135 68452 65203 785 28405 85429 24454 66844 48926 26292
59743 77506 47268 72374 78315 910 38871 50288 75790 52967
21344 89233 22764 82838 72472 42542 81344 55399 26790 18512
61308 33892 30632 96198 2830 98227 31021 33318 76459 7968
66435 36026 41094 60553 75855 51516 55809 25458 72061 39407
66836 48818 55143 37887 98520 40117 39046 45480 47509 10100
64034 65230 75780 18136 3565 37404 50655 37276 18472 56740
14454 94774 48424 72713 36966 2220 77354 63724 35170 11218
52517 82253 93384 62664 34884 59416 99233 73115 78224 94601
68021 59974 78267 82598 2962 21354 52122 92602 96428 4635
72418 98158 62791 84790 26671 42729 15169 23115 8368 14714
48227 61060 13629 37395 53434 65101 82123 80566 32221 49802
75384 82682 1916 47248 31383 59900 36560 99317 83511 77508
26577 71545 55181 30726 78151 47604 99947 27393 84381 90818
58391 90434 68512 70854 49447 49301 12386 18122 43368 30818
27501 41219 91709 61985 33358 90088 80501 79166 82389 55481
66512 75847 8334 92012 57517 76854 39838 21564 57987 86046
63705 2047 51086 83287 18029 41768 73321 54750 96207 96641
19689 49243 25143 57133 45406 81381 77101 78597 92594 78652
87296 31461 57237 17012 90097 31783 30148 85819 18474 50458
93181 5132 87960 28995 63263 74128 55955 14530 97408 85213
31812 57043 27585 93855 63716 39544 49850 26313 10608 66833
16176 7081 54732 61069 34650 52302 87710 80720 7663 57976
32923 18824 680 6420 83866 55847 93182 64034 32377 54091
49926 28138 31205 648 30426 65276 64268 79093 63712 32126
62951 15411 93797 17267 63884 85400 25632 51525 25738 96743
66519 71987 75446 71217 19309 84846 47105 36836 6728 4027
91734 65185 84139 2972 24715 65959 3258 74598 62289 54502
37567 61479 29354 68374 58154 5132 48023 87279 64431 85347
1259 78213 97361 86767 70577 11720 62619 13139 99859 68723
65577 52041 68609 95168 28933 17740 68989 3097 75921 41533
17767 52415 83660 12591 15319 22605 78663 63780 68318 7717
10334 67100 9451 37503 99929 76723 46428 80245 47869 78813
95627 45782 31282 97112 8165 31348 91441 74195 67847 82509
18585 52663 99083 64054 13504 58565 25896 32328 45392 77269
49406 19947 89704 14946 65089 41403 2446 40127 38417 15449
85980 38899 18870 54422 79064 52482 63899 90376 1852 56864
44145 3391 84993 34418 81110 98359 50225 26013 54762 75808
40653 9378 69952 96398 25003 17873 4952 88473 7951 11042
36439 55915 74586 37980 68210 913 98525 46719 34304 36055
53183 12681 68069 33818 16500 36693 41854 97961 22465 19660
75475 25830 15202 24542 70254 27203 96826 3788 15476 86100
55438 56901 54357 62779 27501 2993 5224 29111 97864 16819
91154 19296 34242 95452 69570 87805 84643 82714 18008 3620
95937 14007 81822 27769 83485 31481 70253 57334 81425 53343
72539 14085 31224 39494 54151 38060 8568 52294 8502 43132
23457 34597 79918 3732 62924 17105 28726 89965 53153 44070
6456 75763 76576 86651 33954 23639 54272 34811 46585 39269
1901 90940 66338 26344 6182 21404 25180 91347 85512 66257
19098 24190 26464 60280 67663 60583 43583 45921 34689 90605
55215 76371 16889 48599 17464 82936 16491 42424 81691 52439
49379 19181 78318 86433 54749 39206 47507 496 62881 14028
29320 66760 56997 28918 5413 17091 55986 8010 21412 23978
30612 24709 47872 6170 72858 17431 46187 12754 55351 91110
84825 8618 85183 73162 11645 79851 523 75279 17174 91349
87385 41678 51895 83462 53603 98530 98105 29198 81516 93120
81850 49702 4795 7131 78546 74617 48565 321 8147 18748
81394 71080 21978 2050 30777 30115 40903 36010 999 47726
81428 85796 89626 63015 72922 43369 68469 34982 3731 15143
50994 525 71362 50518 58742 57805 7336 78524 5805 39997
44461 15349 84834 49318 4087 37253 58017 74142 83054 52761
68615 64103 58601 90726 56432 42326 13695 70856 56326 36066
63330 69314 85268 41098 13456 55718 54328 74242 95398 74049
94778 546 58928 67177 22349 11951 64684 36456 12199 71748
38783 4211 64259 62801 69342 5201 13616 34284 56085 48286
24727 86178 42965 99784 46395 28541 37770 47202 38348 8424
21400 40095 54873 69469 60082 5274 95758 4062 81993 2464
71768 53067 51415 42979 92332 7889 61298 86041 93824 16323
49686 34818 30650 43314 42221 92660 35114 99648 93973 66498
87881 90615 9876 68425 69442 2585 47686 26454 43620 50508
70313 85456 95909 3552 4965 31621 38075 50117 68803 17614
30726 11773 50210 45611 74454 36203 9617 5014 64582 40144
6187 81393 16947 50924 32660 16868 42498 70449 83455 39075
29364 92728 35499 35424 17929 91555 26757 97247 15688 89228
40335 18235 37898 12764 39118 21243 51554 18740 43237 42598
3278 75311 95101 90052 65063 53637 23036 66037 1297 30323
42414 39350 73089 61763 44955 10048 88501 88161 48792 16391
28248 68575 52238 84486 7582 91562 38079 43725 67545 74584
42332 45614 80480 1273 81420 43133 2808 61090 24253 26312
12793 57387 14844 50331 61941 40144 50004 14731 96566 97819
68038 51164 88654 41375 29095 99148 55457 72349 74196 20617
55175 15668 99591 41404 60733 34876 14459 51843 73874 35254
47191 41031 46838 27477 16295 33568 81613 48257 52020 5260
13895 6773 44201 10284 31372 62996 4891 24267 30023 24569
32711 45117 72958 62014 16384 79846 88242 22177 20272 67418
1678 90854 26577 83543 2211 31271 61574 36604 24802 47892
46670 41185 7149 44765 89241 65457 3564 21695 88015 21571
70088 82567 93573 22118 86685 34955 46849 39432 79455 30220
44312 68704 70175 8035 91742 76627 8969 53100 87914 62420
30995 47677 22320 3751 53713 67223 21300 75507 44461 52601
65837 76482 81146 27629 3581 70864 95069 94446 90871 84104
24243 90781 71750 89308 8202 62130 16149 83688 66808 54838
91680 64132 17054 75500 51394 39057 90156 5331 48118 45822
90713 58451 40365 65096 7490 58566 40745 29929 98854 81728
45459 98091 62202 85973 98331 56318 43878 90584 73668 10536
29979 36156 24746 35423 15722 80946 50949 23999 71199 64893
70598 89032 87851 15185 45538 54012 59875 20742 34858 78445
33369 98340 29280 47771 54808 51339 52632 39055 95950 52876
25674 84833 18424 68890 49674 94696 22290 98615 98797 81873
66700 17973 604 4745 51099 42906 14860 62377 96830 20316
48390 48210 94988 18 38622 93223 42313 28547 92658 27730
45149 95071 72915 14290 3092 62293 49830 70415 7388 71421
67761 87820 52994 116 71478 81128 48866 55483 81736 16908
89163 8179 36646 97698 74914 57771 98243 99781 180 95214
42356 54155 97727 7365 58698 56182 63250 36743 51837 85655
9221 31693 74155 13822 83360 9260 35397 20807 48637 58795
96448 36661 44402 9170 22737 26898 76872 91280 88989 38487
64632 87512 62578 20385 88583 17615 51892 42107 96699 61334
28116 69734 68620 81029 84487 56236 65439 2798 49553 99309
25033 84292 90380 15511 51922 91465 91494 72372 79775 31592
64600 75344 72154 52870 44042 51205 21894 30809 30926 9821
69462 512 91700 50075 78963 76487 12263 47835 87410 64089
46923 80580 78473 99407 17341 40135 12229 88011 88907 83777
1965 84064 65144 40884 58290 87926 78224 42474 68458 40320
82433 4685 82822 58347 51726 67826 50499 80369 5939 11260
83757 71275 63370 35114 47642 89757 79720 63660 92715 27713
56623 92537 12213 5469 8047 88713 93021 5229 3965 78663
59536 24872 10175 38898 71296 29169 60447 61301 27917 66852
71573 1801 24447 40072 64963 38808 64268 79297 87298 32034
11587 68004 98095 40243 10445 6638 80898 32895 97598 41306
4400 16309 43428 80310 64124 55837 88014 90173 56114 92732
79283 64845 17527 18771 98695 22511 77973 7694 70303 63429
21712 38013 50994 68404 28094 32788 49343 45105 91847 77265
32558 45021 45394 46619 3857 52213 41755 88305 89550 65852
95936 83764 76220 99133 60585 12629 48956 98507 67549 92247
92464 18514 29436 32343 16733 82343 85140 72951 467 63727
11648 82671 6455 57994 13223 58349 13235 31303 37228 74511
80016 36518 51540 29382 91807 94081 83601 48374 28031 52962
90202 45686 95633 29263 83562 28598 14647 50899 29552 56307
26696 37525 54388 38307 71691 19835 22430 35533 1379 29416
53716 81205 92577 18499 99362 36801 14057 80371 43038 92227
29507 38081 82200 88244 99469 19401 18213 67739 95774 20427
91316 61025 61485 57082 67430 19904 20166 72389 47992 1171
646 89085 34546 21156 12330 34530 42807 91445 25888 584
4860 91051 26128 87003 1654 13963 44619 67174 65480 47417
23742 93923 18418 45431 89723 42661 84885 17743 67709 96628
79919 64283 51674 13623 41188 96055 98235 61526 85551 40808
73502 71553 65207 44001 93269 83785 5273 96623 92192 45903
3341 88094 74377 85386 70102 50863 84267 17257 44339 11559
3563 32734 10077 80965 52109 66861 8355 17732 12930 86863
35036 47582 49212 85948 18541 3326 92361 27106 79118 80982
8353 40055 72524 25137 23416 499 18433 55015 65164 23021
1585 13353 17530 85904 41427 57456 35247 55666 61530 29862
72326 74311 39056 71704 40021 37726 95453 97503 26637 33599
49888 97239 66442 85066 52997 30185 49578 95894 13940 7666
64634 14982 16103 21252 3049 19617 75970 21831 23660 18652
65906 49645 97986 29986 72635 23461 59664 80805 97728 54884
68829 24003 42489 71489 1147 25100 35902 72001 28892 78123
44353 46057 25933 56088 93827 7441 50231 12587 50756 96863
71400 86175 50212 5660 33822 44041 97711 47465 38407 28270
84553 5459 10677 26523 10628 33498 7272 3374 42195 35269
50187 79847 20731 98557 49840 63041 82182 42164 81338 3900
59183 47307 34706 65193 86013 9094 81628 60584 73926 3671
70902 61012 42730 59513 43558 67356 34041 40235 49193 68569
19115 61296 75651 8456 98049 35417 46407 86800 50511 46839
332 37670 27456 2319 73929 39609 77747 35479 35769 7300
30531 12590 33848 11254 57551 37392 24834 4755 40644 7254
7170 6172 80016 18199 86559 9521 15764 67444 15812 45000
29604 37993 11558 33814 75088 92019 23884 89605 86372 79811
8425 41817 79353 5121 38595 88182 87645 4881 69185 74053
56631 25507 38362 97133 65047 77244 7416 15299 56837 25874
27126 44938 91525 51323 31332 72896 63397 6212 67430 6772
94797 97261 15405 94081 63476 73534 95091 81379 3075 1643
89824 38498 74352 90139 28977 67790 71874 75626 86791 29209
62696 46045 23642 44282 79152 49675 81863 80629 3314 21165
52770 80808 78930 83883 73990 87412 40385 47246 35752 13522
394 24844 32812 21191 50543 14882 29244 72909 24724 17930
87225 33746 96681 26917 20412 37442 92253 35388 60322 72788
97485 1324 54729 54213 66605 92796 88535 37383 34802 27803
1838 14213 37397 71641 81902 91562 58357 16134 17158 7425
5235 55229 24627 51609 35392 31374 83943 33472 87877 31361
59380 21923 84817 71598 80758 85222 7436 74837 90872 47762
65168 62281 40571 65582 26579 64565 2101 64036 82738 76976
30615 98047 57444 25556 58250 93498 2572 57135 72468 85776
15239 72570 61407 47146 81415 45066 10871 48071 34422 77802
14179 77921 70528 85122 13010 86121 26282 76170 18745 96454
59718 27676 36242 21734 93184 3083 72743 2522 25254 33725
77409 46106 14503 74351 22187 18422 87215 59397 21394 92111
95659 39480 97758 55843 15619 39481 16004 75388 33310 52200
71055 50344 28290 59193 84898 60133 42813 73692 95441 53280
73771 77471 34416 97217 75769 78754 77060 59899 52565 58279
77959 85309 91726 14063 87519 51838 31988 41212 30733 87578
62190 41931 61737 91305 14792 21958 85947 45556 43925 19325
88457 96151 40880 78763 4098 81359 8925 68667 44200 99062
43791 82766 39111 78743 42228 87134 21031 78666 84743 36676
65554 5388 30537 45690 1929 83082 37360 81891 58513 84933
43622 98063 60859 48876 33127 78914 16671 71583 19067 90922
79420 18409 94803 73941 33704 89258 17364 76930 76359 7591
17495 96465 77664 35779 2150 75861 55830 34358 25971 3413
97499 72751 80599 73649 87530 16955 32643 91820 94132 82979
79150 27207 20951 11390 75710 12685 19113 88403 16806 48957
49924 63191 77268 61986 21131 47870 36288 85072 36244 55039
3173 80398 31811 86343 84643 76948 60360 65548 6809 23828
38241 3316 6782 6837 98647 50810 24109 4310 18395 24868
17663 66940 41817 34223 89847 85101 40113 17632 95434 37333
2219 34071 26535 36939 77088 57908 32120 19629 18224 89965
44265 92062 25053 21465 66082 95572 74380 9477 60471 83778
55981 66176 26380 7176 63979 78836 87161 47204 38316 37768
1280 720 46845 64209 97160 87764 51076 55409 58105 23208
4269 78395 28468 86878 24558 58016 45399 70929 90717 40358
28195 12438 80435 36705 68910 75274 9947 64758 37891 73754
21847 60320 70607 10837 46902 95365 15035 88675 33104 95273
56129 91224 59629 96544 14623 18388 59155 50533 84437 77408
19906 94718 24863 36031 44349 509 38119 87672 69432 21320
35590 50955 10546 55048 60470 10683 48840 22435 1493 61424
37519 54020 54889 14680 88983 95382 74401 88866 40867 82900
92824 31250 53314 78781 66434 4660 89237 38950 68508 49987
62543 67690 98769 44819 42099 38103 75470 20562 51766 94302
98870 42534 92408 18930 81635 63472 68360 65035 67652 73484
86444 93039 53732 49337 72233 84476 2917 37542 89252 95456
85040 9090 84115 70683 21068 35899 77169 70026 63262 62837
72537 22623 60860 23807 23195 85669 152 25687 23029 34174
24401 47571 91060 90684 57370 86602 73028 65537 9141 31268
87144 41342 64195 62572 37543 14160 52103 34999 80260 63675
78325 23183 57114 4133 51955 99006 19363 79541 95593 97248
77061 17917 8700 61025 84341 59412 99822 96600 85141 68449
92490 73347 84335 30129 51356 47522 68871 67474 29736 1517
11894 42366 99704 93675 36643 98553 29726 48479 48194 12756
2978 55199 96082 32035 23856 47455 28003 68199 16700 22643
92477 39303 23601 60630 42221 3375 22564 7066 30330 92680
19721 74807 28084 4528 71037 44769 30631 94457 79613 82657
33992 90339 11842 4864 60468 27262 19342 73300 31786 18806
19096 76111 4057 7554 88719 29328 44598 74709 94571 14604
4194 71278 48668 99299 7116 53665 15152 37844 84707 5494
26474 49457 84696 52490 21632 26478 37712 63392 69802 67971
38498 74642 89114 39406 91591 35907 40718 95158 73620 54907
78349 10223 22935 13396 93774 76027 42447 43747 86206 18536
54227 88114 42571 98531 79041 15299 67734 60630 75786 61323
77769 99332 38663 64979 33109 60065 25332 91822 50064 87722
71190 69282 62193 83990 39123 93517 36963 84653 26840 48074
20937 53873 30972 44542 81064 33659 96939 36766 44511 28208
56371 33107 81113 9889 21746 8971 91552 12486 12177 36792
70301 45330 26396 55631 65966 23843 93544 26007 22452 95191
7447 19187 168 70514 34653 99199 1604 26042 74290 15157
10179 33103 31328 15549 74988 4618 26818 31154 69935 54494
36195 15546 13987 20113 37729 39894 62747 18952 4369 74228
99718 36632 51965 29255 98794 33413 98453 60078 66560 53672
13361 76664 65070 33322 77485 24711 9595 43269 94395 15872
9780 94827 6081 58651 48260 18895 44084 82194 32923 25435
44139 66811 228 92 4869 1461 68418 77435 41884 75380
55570 1838 54876 15360 79151 19161 99941 27383 94174 57644
31051 28289 46034 67541 16323 53930 49505 84542 92976 89846
5881 41369 21094 43146 19822 63391 16637 40791 47792 70523
71175 95034 15759 82552 86056 66566 52185 8742 98064 6392
28915 72137 29838 57503 32270 35784 53848 52441 54900 70972
85802 55401 88583 5216 74578 25613 84754 750 78450 74209
55709 24036 67888 19925 17520 60072 43184 88448 71089 75537
90692 30738 76486 67093 82789 82248 63040 82798 52361 60408
89794 52479 42202 20080 75716 6291 21200 1197 42282 67522
25878 11574 3798 39003 99660 28571 10400 7446 42811 71049
40521 86037 7412 64557 60170 28786 11068 1785 88503 65153
72236 72332 76724 28032 40173 90205 40194 67891 67988 60800
12050 59314 28136 38356 97748 90883 96350 5537 59331 53245
90784 26585 20900 95602 97577 96573 71428 94403 56246 13144
51510 84685 24304 37882 33316 79061 7176 54720 46939 65214
94194 80177 4445 29477 65116 26690 57375 70241 46624 58981
20744 62255 64921 66670 30650 52969 18193 37080 62589 74868
56573 40988 79318 67820 54946 29845 98311 9647 59668 84808
76058 19917 85506 95733 38387 48023 57299 71287 50343 72532
24954 8286 93712 8699 48358 13688 87147 72258 49809 6879
39272 49746 43401 61224 54334 56054 1299 79561 29274 48601
1274 9514 74965 74772 68740 32086 47318 57632 66446 49019
32933 57430 95191 5582 37706 57972 252 7356 8606 16435
36457 43938 87257 83452 36137 55288 7602 76359 61104 44365
95702 91959 60262 88076 87090 5099 77175 25253 41658 79129
82539 35249 14991 96246 84350 87634 93799 65438 91455 41282
48240 85613 61761 59147 55133 67341 28834 26700 77134 67846
76828 19228 15806 15355 15145 34622 61644 3156 70107 60849
64499 11738 44046 28229 18637 78578 14053 22003 67793 22967
11366 34107 62090 76466 85530 99839 61083 60708 998 18101
88020 90186 65411 2635 35732 93031 63966 59749 84266 10103
59620 15889 78016 31701 194 91442 13285 71195 83796 57150
70181 28969 69765 49975 73679 91427 64634 83707 75691 4345
46943 44438 33148 87246 3413 30510 38366 45090 33942 14165
65636 21150 99656 1378 18841 90888 55208 35700 29615 26607
16122 29645 1437 64240 66363 94857 61539 38297 51128 11097
32218 41388 8003 96021 7831 14414 75798 90098 80367 11220
32432 5567 71822 92818 51835 12149 36052 35537 28937 5917
14480 22355 30812 66831 84942 75565 5034 57592 51005 82755
95297 27135 72713 60613 46678 60696 27435 64219 68793 27503
30187 63095 74466 33887 64517 35630 40282 39677 82251 93219
25579 96443 24679 42511 17512 55080 18187 52956 41145 26113
41344 5015 34160 96806 72131 11335 75187 46669 432 51637
76501 71101 99888 81206 34032 97269 56036 93902 98841 26559
34562 5354 1809 2080 17853 61357 7720 8628 55475 4889
59472 72153 64724 91638 19091 71345 92353 13178 35853 56726
481 10605 21249 44147 47520 8332 79730 89166 76559 47795
15266 3038 21831 34564 7812 46091 51549 68889 8407 34539
2831 56350 81612 18940 26115 44484 69929 87258 83951 63439
29128 37622 7205 30738 14166 42021 38908 2590 20716 46046
39375 36825 49264 62441 91675 13553 97212 29695 28532 75805
15827 62727 61750 61197 92477 19337 12266 64161 62635 97421
44447 68609 59780 90832 16038 81013 1364 29146 28505 66170
65845 35952 52802 18727 59061 36101 84724 54704 11654 23832
30464 69369 42129 61707 45111 91838 52012 10099 28977 26920
99959 10864 33498 64965 65454 63720 16550 85980 79311 36342
13840 35589 43962 81312 37508 17571 10025 95720 15702 92917
99248 54014 54157 19517 35433 5124 38474 16217 22563 69633
42530 15694 38444 4297 20309 84752 78651 56050 45636 21882
78561 85086 43081 3637 97919 27549 57151 32163 36355 25614
94740 20974 76517 76749 79841 44982 14131 46327 27524 482
41355 30753 10227 8469 53134 22803 65929 29729 52751 17545
49268 3384 6067 84564 3824 8786 82019 31830 9119 42312
43485 79513 66481 48710 47901 40406 37798 35686 67052 65560
40219 93280 87197 62347 67207 79818 90504 29621 45588 77857
82739 11357 84468 15743 83100 91401 7316 13481 76474 75147
25213 35934 67892 42739 75271 76381 99318 74240 39799 9734
65125 67477 70714 77316 3284 2528 51673 10704 54493 99925
14448 82697 86678 59741 31252 93596 70546 59191 6074 42536
37825 65054 98356 2565 41260 62343 44740 38438 88401 26026
63825 44866 66501 41566 7316 89965 4051 67359 69604 18689
57906 34244 63309 3170 34973 82242 14356 27375 29564 67242
1369 21693 32396 54321 23117 61713 94533 102 70568 45882
90864 1006 51595 44863 90108 78859 55599 14927 36100 71019
16828 18600 14322 72719 20781 44531 29177 67510 7053 34380
20240 75886 1433 34679 19555 50921 24599 21692 11528 82765
36593 3269 439 82688 78805 51460 24534 5195 69976 25062
57686 10786 87397 76861 50483 82236 18574 64838 83118 64026
14705 47358 6541 36794 79640 62029 95875 47127 32820 25246
65298 96241 92113 35270 41985 2564 10104 45935 35823 1102
4455 1195 998 67970 36553 33954 85585 22524 63194 10147
54434 91692 32169 10360 39701 59083 34895 4552 18787 27728
42195 89731 55117 48764 87887 61069 28301 82643 97124 35996
67542 64936 31458 16068 53299 47601 75830 58095 83961 86397
26818 22603 63036 41444 47403 39567 17894 89470 66072 67130
76832 66691 14632 77560 94127 95530 54311 27623 89226 36882
24559 10263 18530 45215 27312 49775 83847 32692 66612 86139
54706 96502 69848 35735 54251 28499 97064 18536 20656 58731
86943 94078 47044 59793 30883 40382 71771 72667 36317 54587
72929 4342 23669 25952 68496 191 66862 1310 83316 70255
26209 54189 58706 89867 59738 59839 99609 5217 63307 6419
28669 18015 70756 59581 21086 16807 62663 41372 5036 62894
24004 60707 14425 50627 32016 82447 32995 78409 94534 58046
73973 73240 58974 48568 20664 48342 44658 26694 25411 43053
6124 41081 84307 84019 51188 71684 21850 10718 2072 63451
83488 71313 49952 79845 6775 50203 12895 24978 46587 89774
21113 82031 4386 99676 88443 70943 5841 51293 83351 30152
27284 99291 35423 2670 87812 41833 6961 50794 34473 41711
64158 49992 53586 92935 44764 52949 17822 89999 14607 43067
86817 6147 68360 37934 67447 90032 14829 85554 177 18714
13460 1253 6681 3524 44413 77974 7251 67014 58663 43815
16941 53730 57344 79528 280 86536 87711 74390 34524 92506
44419 14210 48925 44814 41021 30781 70858 67962 64430 46008
1673 30684 72481 47902 16212 62757 19942 44999 22147 67601
42453 68106 2041 52334 23536 60093 20281 86875 63592 90666
8341 78970 15009 27578 24072 12657 73326 49766 88707 26153
80476 49409 75841 52868 28489 72630 42909 44180 53857 53718
9349 64386 10708 17281 34061 7941 95021 6052 21736 16433
10378 97367 55761 4376 49737 28647 20006 81202 62024 91203
57012 90146 29108 72256 29260 82938 54998 99296 89476 90124
16965 90758 34662 72566 13524 49374 98882 53901 57017 17401
74254 11542 44864 11541 74140 65282 86950 21446 92064 18464
60580 77196 8869 33431 45048 4560 75242 96985 41047 69612
50350 91893 74081 49496 97569 73933 45672 34921 41022 55454
30646 13413 71731 26821 1743 743 18184 80178 27110 22271
26927 81016 91648 11862 88314 89254 27107 39166 53225 90913
59695 81227 14651 51386 22167 29146 61035 70721 97368 55316
69422 11311 92131 5320 34066 2572 44366 94743 67790 68234
76667 71838 22289 59451 15942 72068 67547 62137 56198 20083
69098 6671 39172 57106 17518 669 4156 70036 40077 56804
91474 92409 9141 86854 2160 14493 58969 66421 14048 100000
12817 67307 92733 34786 68045 53516 91427 3525 42043 58042
40896 56965 57804 8649 46717 66281 64604 47833 57222 31891
95209 37553 843 87122 71446 36255 95326 62763 93077 72070
83893 11478 51125 12288 15214 28434 91536 6418 14510 28885
10214 60867 3204 189 11595 53888 60711 87068 55295 80516
28299 2474 6346 8363 31802 64447 79848 69206 81846 65150
22786 36689 77174 64685 25200 91575 50554 57969 1064 142
48837 13584 81529 59439 46389 69279 80303 39086 40691 90986
9936 56569 76749 92982 85408 43476 14583 4960 66713 33778
31484 9760 79009 54792 22367 77870 20739 46044 65640 13044
7402 28726 55774 79638 54065 91650 910 9357 90452 98621
92052 66482 94073 67754 41408 31847 54549 36339 76001 42096
37705 74418 47013 13225 78659 16166 91544 24819 69016 58673
89033 9750 91560 44106 38380 13051 71863 51648 82758 41917
82711 57534 29372 9871 53813 25489 43959 86454 94731 12008
12437 71138 62383 38952 566 7527 64512 86372 63084 87273
63871 15955 93500 43804 64085 31192 64019 96921 2984 27480
81081 31351 45186 35124 10332 21718 57916 39569 78920 81171
46927 46846 70438 78148 8314 77524 81231 96129 75933 60842
87374 8157 92608 61566 94546 13565 39543 6767 88764 33499
62828 97396 54432 90526 13764 97169 43379 36767 39497 85677
68992 79615 90075 33457 70472 99018 20865 63476 65703 31603
33700 19157 20295 19190 53904 53548 96954 98969 89197 98707
20367 32898 6257 9672 91188 41338 46546 35865 30578 83046
75613 67266 36834 18231 94310 76697 36375 77987 44400 62706
33925 14969 91240 21963 3483 65427 71840 30063 96875 51728
96680 70507 52366 94668 79580 60325 75982 4354 29640 26418
18942 5127 35981 26988 95764 45459 29195 54101 61618 69371
87052 35345 11821 89093 23602 25329 33775 62034 35377 71071
70700 5919 97432 44470 97887 28171 49960 10276 20153 9141
59925 83012 28279 61155 23783 25185 3677 70187 6267 81662
62864 85525 61648 33121 73312 85953 82300 99303 95888 89801
39583 61245 54377 20313 86654 74589 69056 11636 26174 88610
87755 39933 50059 41358 21438 47841 43845 71755 47450 84760
8676 87629 89310 26503 24864 85957 91669 31366 26496 67924
762 97689 18221 81640 49060 84281 22928 86358 50870 62100
72056 24473 66709 815 3132 27596 71824 49069 72033 83829
61634 15662 11894 17692 87387 19235 30215 3772 80535 65306
85535 67537 82956 50505 57243 16789 27123 93154 151 27845
35492 85016 30675 18790 78822 1754 87321 88306 74827 41879
12163 10967 66341 98446 60940 78288 65645 79507 72554 99389
88977 69099 47503 24783 43072 41373 70555 94469 83473 38345
56557 86041 14083 80632 61899 87589 35791 80099 36378 57766
36908 86566 14499 98250 57078 41174 75535 46774 30910 15119
18731 98089 46147 8089 72227 61568 19038 66926 33315 22519
78785 24969 6970 18272 43012 19240 15495 6510 10885 34656
75559 46928 37724 53787 33081 87129 88214 87177 10893 1620
70276 45352 52362 44955 95710 33898 32790 21179 81982 61181
53093 64026 95661 86985 20214 53143 57566 10405 44023 83642
47796 57649 2841 68622 11867 63022 81721 43941 75057 68118
73690 85207 1301 30652 72101 63052 23367 34921 36754 54941
18952 44176 19909 60521 56061 42123 99014 36227 42265 40575
46690 14077 89130 20160 64247 47530 1974 89173 44016 75507
47639 32317 80825 82511 44919 11203 19980 84818 87101 12447
35379 50324 89550 61843 79049 70221 47366 17379 58774 41173
14405 25162 21423 47881 82245 51027 61219 19543 1331 55610
63919 32207 57354 12402 85472 35896 28917 10846 69234 30722
72655 94239 99229 57903 42317 40773 97311 80190 51394 52630
78263 71684 16884 85701 77435 14982 35242 81031 28624 94319
21419 57701 25348 2268 81693 77469 30050 70101 83519 66057
3347 87048 3913 55540 99240 4577 57220 5620 79200 22724
10034 78764 73735 19683 18244 62117 17817 95983 53452 12318
24952 60348 40921 94278 10074 49590 27740 26583 17514 43607
24902 39833 69133 67633 67513 47239 74951 37384 13016 40748
86349 65239 17993 10735 79277 4553 11655 93813 26768 61223
57809 58013 27946 4501 97760 99318 91728 93579 70435 54357
22031 39761 7680 38561 86050 716 37012 68962 26784 73411
55995 78149 37738 69129 39344 15425 91967 96891 53392 8417
97446 70116 77640 54228 60442 75691 61711 87142 40848 30506
13463 94955 90081 35002 38994 25884 81641 6999 60790 53560
92219 68894 11689 198 67780 86844 64956 21051 91180 45698
27353 90249 55782 2721 94106 84252 94428 54621 64251 2051
18629 82298 40501 3772 6841 68019 33232 10111 5643 18644
61759 42627 94805 54821 46854 69604 92317 20206 75536 21408
7286 37804 91188 60715 16373 36218 31884 7597 12000 50160
52474 91338 44828 99257 43254 75461 28794 15921 11602 38300
57024 20296 93980 62427 14990 69226 91484 49715 20755 16871
5204 99037 33083 22041 76370 27234 34989 59099 44955 78432
21890 48458 11278 33317 44578 30075 1315 40212 13518 33581
58655 66950 39365 3452 15566 80796 56272 76860 39952 36104
39743 38540 42852 78908 59959 83806 3055 59307 74178 35333
37219 4911 57611 75603 70206 73758 22288 83014 40681 24207
1147 3249 92740 62417 41429 7303 32602 18110 90092 24848
40891 77007 68856 20321 83193 46963 36920 80584 30328 82123
14861 44078 13125 49243 71868 43311 11366 26247 30595 8687
10646 85232 93743 77810 46039 40530 61018 53647 99877 83030
55952 99864 76426 54704 10393 84014 27420 36075 84842 41209
24515 69786 17533 13609 65931 78315 50624 64179 71404 55279
17310 83409 94250 60258 14688 19544 5599 76430 35523 81445
34492 19575 48907 41038 24292 99375 92549 3496 28878 72532
26607 29821 62811 51510 4667 51811 10471 63652 6022 42510
7453 42127 25006 87426 15923 95753 4586 66773 16446 52839
47034 77155 17691 76198 32957 76820 54924 75532 61430 44360
10043 45814 21384 43411 57094 31824 8293 54063 42842 12793
51103 71655 69682 68788 10479 60823 69664 27749 47404 79862
68946 40296 11827 41476 39473 68486 9573 71546 43491 14935
85847 72796 46312 71820 34177 81923 89226 57660 68940 92471
17681 8014 41421 61920 88397 4538 90361 54891 97972 44227
26712 85814 94843 60272 42526 36697 12157 87323 85997 71586
73931 91017 77357 87761 66126 14651 99377 98821 15656 96049
32193 3555 4307 87749 69741 98303 87843 53319 88819 20142
60129 47446 10250 84536 99405 33891 43445 23813 25475 84831
70174 66672 65221 37943 2420 19715 32525 9130 80215 14354
82676 17856 68235 24515 5058 55433 71938 66308 41599 99388
45142 33309 75806 20404 82886 50241 51413 46284 99644 97031
18910 81762 37665 72971 71969 10422 37048 2945 73003 5544
43721 63562 5597 44295 926 12717 99726 47445 96370 46399
97510 692 58751 95007 54372 95382 70944 10017 91927 31802
56118 54173 26252 64372 68673 873 16722 48275 76192 23916
30170 44515 70749 30086 59135 20855 48000 95796 13594 33097
92346 65672 63618 21050 30785 37066 98682 56326 68411 79856
7841 46845 87875 54336 5409 16432 90052 2095 85167 4281
95797 27287 33452 84094 31612 18122 81177 23756 74212 69870
80155 58788 75145 94201 23061 92494 84627 91353 14477 30206
94681 19478 43540 75134 61713 79647 7369 41928 3018 33054
50636 45105 89139 3442 5314 90771 22765 77966 6936 98402
48463 24372 8007 54531 54971 29137 56591 71048 22544 73594
95574 66648 17307 78647 26740 47046 88140 44316 665 27702
93284 1566 66124 87621 52109 98792 51593 45223 85945 51036
52436 91808 89637 60711 58418 84366 63930 87086 94881 63179
46286 73332 9103 39299 15890 92463 55797 67883 57302 35408
96950 94451 84749 92346 97408 41966 35025 1996 74854 85473
58514 6479 16829 71484 53614 93424 79947 68390 19873 48611
98517 73785 62524 70672 12706 89834 23895 93776 19318 64345
76477 81121 46177 19688 2866 78669 86408 41930 17693 5886
97994 91016 38054 64435 77175 64577 93544 91757 48260 62217
2508 27623 54076 27549 28694 55627 14594 22348 29103 54129
38375 61839 32348 73820 78033 47742 54455 17650 34863 31752
85984 20906 57298 54487 76352 24914 6368 99904 83640 54562
43068 91448 83228 40458 33259 75091 40590 67921 70930 63672
22891 59970 73584 42967 99689 33851 1012 88716 3975 30749
4652 17982 23634 41590 40522 6884 69545 74867 38951 83808
32196 53843 29603 70828 69668 27786 14654 73093 68884 9364
9508 43871 4443 46442 86566 78900 42841 73414 93371 34264
16518 24527 23746 10297 55957 22167 11997 34252 61745 82291
41577 52389 16006 60447 41633 42076 37391 12579 66170 78158
55719 66625 48793 26643 64240 5234 11045 93640 91719 27742
89139 27489 30152 10868 28208 19106 77567 20415 80464 11430
43696 35112 51128 42979 82914 90050 17563 79829 49876 49613
98747 38 94622 68007 40058 44065 29176 84098 62463 84263
7499 29014 23497 619 15950 32658 93645 71075 14480 99534
47539 95198 54702 5164 77068 54172 75258 54585 81263 18478
53373 10248 85297 36944 60313 8884 23721 89625 37829 68553
46779 7653 88863 5619 36041 59816 40715 33754 69508 32100
56658 33927 80255 24546 17464 5738 95860 19980 77264 30563
20355 80713 80157 40843 52249 12033 4377 67873 57706 27382
22638 16250 43078 74160 73971 39938 91953 14706 17739 43034
28172 40798 26632 17378 90709 97859 71913 29313 67443 46135
97053 21164 40766 6550 33446 90822 18724 99172 10339 39569
82196 14561 34237 5422 99457 36482 48024 22022 57094 68295
81961 25156 26482 18100 49714 42554 70908 15411 3089 45290
50093 42653 98905 72426 5339 58266 83125 44823 67202 90456
94506 64217 70463 80975 39709 32730 85666 13324 50746 20131
23245 47525 99763 4583 91312 59351 86635 62439 68658 88475
7797 52306 21715 94591 72328 26434 96105 98089 58456 71701
73111 56819 1426 8101 7195 29260 17046 28730 24354 65915
64247 17949 73608 20715 23624 55852 35086 93187 16420 88401
35715 37633 99928 59876 7109 86718 88117 50367 46595 64183
47185 78569 72411 8002 28615 56069 59078 65864 21863 83223
86354 59363 93815 94232 32270 80133 35224 27419 23130 45963
19464 79463 55216 92968 34598 10108 32299 45931 59864 67583
76163 45540 21412 76898 43763 47707 960 22219 10701 50795
82355 20956 87573 85625 95834 88362 97033 76417 47181 40520
28777 33715 91745 24803 47614 8369 38537 66766 27780 14986
74523 48319 65165 9884 3626 38555 2154 84023 90565 91604
40115 3348 20245 68609 75028 41393 68936 87547 21982 24598
83854 61349 86514 1228 58610 66089 72643 28863 83762 7480
45322 39870 99541 57995 94101 25170 38047 14493 22480 70590
70000 85899 67731 64510 61613 90171 84052 27604 44874 86523
64014 7350 2509 41376 82705 26895 85771 84333 91405 1511
35617 95691 5522 78417 2482 95921 29950 24581 66773 11288
34149 54163 97811 75892 79005 83461 82018 63642 50272 61803
4101 97633 60431 21954 77005 91293 98571 27603 58906 66392
92466 13890 83264 92613 80675 23952 53139 899 90815 72971
38022 1060 17790 54758 61080 32058 22446 26366 38607 97873
9623 78205 60030 86311 95683 43650 33056 15367 84548 41931
38856 63568 78025 17942 15035 52294 39061 89841 17792 71571
60067 57319 72558 98315 92622 40423 92656 57649 98354 6936
62893 71009 83215 32667 17709 61240 89280 92320 1465 90721
30793 9038 45413 11512 21035 47947 30641 80318 12922 3521
44349 56243 29364 32080 78847 48966 31305 78490 13240 75493
70706 81716 31144 76204 82934 97240 1140 68507 7738 54981
61286 14431 26605 89493 82789 53500 64201 32129 6720 54477
8041 28367 7666 51613 13164 30626 58936 13262 30737 9251
93318 72452 35485 75319 79514 48916 76792 20769 21092 20478
31872 92159 90986 1394 28056 68666 77293 78933 72577 3052
30454 62828 56489 69728 45586 38571 20630 87663 92937 19195
81329 98059 93763 39357 52305 10885 55511 83947 10854 7763
11874 40457 43400 37138 65502 2166 59650 4285 23946 51586
49487 36985 42863 42046 9345 37713 86076 5028 20967 43963
19297 16998 39598 70262 81172 6631 4132 43217 67182 59414
46886 14658 72071 44493 95597 32200 75408 33310 25802 85066
3618 31302 7990 69052 42117 32566 16050 58652 91826 80663
25236 93256 52015 83598 73784 6309 60945 14758 40749 23467
22815 60897 16161 93915 69916 74085 74976 85399 23954 1109
67756 70501 7736 5836 35327 36665 32529 74011 1419 11268
73710 81237 65444 39347 33492 94438 42232 11007 79322 52743
75513 5823 93619 3492 41022 25467 20350 55305 39080 15088
78765 56344 29542 86147 22654 79799 35104 11760 25150 33374
82891 80751 11227 11969 32659 25183 78043 34371 63927 15440
727 28635 5656 20512 37578 84928 88673 38673 90735 87767
11909 2301 81136 2160 30394 71782 53671 33297 3812 8645
20672 13164 38759 85120 17514 23423 27098 28840 63313 50167
28659 83519 52814 86692 79645 56174 93944 93543 26898 87567
18770 12773 88458 39889 40690 7708 71583 99818 1109 94892
68297 35100 72492 26076 99194 16396 17989 10517 62179 51736
84465 94391 90764 10647 54266 51592 49420 21561 70620 64448
33424 44394 9028 39920 75755 48322 15025 12980 76914 36709
65408 42255 78076 99845 41866 42606 42966 43585 78500 48706
58108 41918 60033 89499 12200 30525 24448 71997 76023 36527
80927 83998 13214 88458 11357 91576 38564 72282 41707 72725
7687 72013 6066 3471 35297 36632 70121 11976 29511 82199
68532 85231 70853 47549 83221 7697 76885 71371 52532 54312
76140 87236 2820 54458 40860 91254 91982 13461 67073 47930
16078 50431 10414 55685 28820 16779 96602 96325 52146 48792
28926 42599 56928 76 45920 82785 58213 94383 93278 49911
85359 51028 5324 33325 55870 48169 61377 74574 38833 63139
64721 46438 57722 88368 70532 89616 33925 43906 73908 5332
95317 1961 6140 58706 26700 30188 72909 24891 43251 20318
48560 721 3009 73599 64526 76212 9955 31575 84091 50203
35045 83211 7569 74620 77273 34753 74375 85209 17004 89747
8142 58626 33992 34679 97576 84619 93343 74238 63023 1232
36065 10474 44958 70439 20692 72188 55614 63729 6546 20576
90163 60022 27204 40972 15919 88861 44643 79916 46607 88640
26644 16609 71393 66949 7105 1204 34952 29746 12069 40583
43182 69840 96289 40959 91235 55500 9745 61113 22058 218
86318 38073 76120 56519 92816 23400 12760 73365 98470 41857
3356 91282 96448 54709 11933 79452 14500 55770 48468 53116
41190 136 39779 31814 68087 61237 78080 93214 69911 13000
67905 68562 40150 73631 39522 72798 85401 71781 64498 22934
2678 82460 99440 47207 10032 288 69689 13508 81519 20629
4530 71949 45199 53245 34588 49616 98460 5345 18339 97178
43462 26146 94801 71872 17988 77835 25133 72565 5895 88849
47598 26656 49509 46505 75756 40108 17352 20559 56634 83851
64733 7588 90304 44425 8865 77242 63807 74913 33725 34465
85081 64317 54526 54781 53366 93211 69121 268 10858 23116
67442 82958 26740 97370 40851 75032 17361 81870 72534 94648
46588 98596 8699 9091 49146 53061 27151 38791 5857 25280
67804 83108 55905 13124 63758 80450 55649 92515 48752 55977
69458 31304 68270 68406 40949 11306 74111 27544 6481 85868
40595 18567 61705 46651 94450 75879 25143 39899 26438 2447
80244 72573 76821 65779 56868 24911 98918 28888 68871 27939
48536 29801 46613 38827 61090 18578 91884 32758 41646 10250
51032 15214 90049 49669 69995 68792 1127 55641 97540 61704
84092 52071 45396 17956 19072 5077 38118 67405 60591 29829
1559 94567 36336 50463 26147 84537 77376 39602 99285 90704
40319 31552 33061 19205 47562 49604 28746 9853 42365 45638
31742 61557 98570 4158 78420 59960 36728 73512 2459 29633
52843 18573 3489 84423 71694 6127 86481 74589 29359 47174
18140 56228 88207 87489 2216 68887 78900 95150 74129 71674
98471 35549 40126 95758 8730 29016 406 3807 34144 78429
18082 11485 4731 62955 92020 1444 90062 82055 16688 1631
50883 5660 17362 38645 78886 35070 46239 39829 63325 79890
9040 98114 28177 93075 10317 68434 37176 91994 73310 1944
57412 20877 15917 10586 11242 504 80158 92910 95833 28764
33901 99946 14656 89986 6263 56799 55512 18465 82627 81506
77145 51630 94108 43549 43685 40919 40280 74639 76221 45097
45989 44957 2086 28147 63042 79011 5626 6480 57569 9468
41921 52478 22682 81200 98384 18332 87514 16043 78102 57824
84536 93078 63001 54869 54692 11297 70606 31606 72235 72802
79887 12883 38760 87704 7016 91681 22618 41737 74299 51434
56321 17902 95301 50350 63656 42680 61871 43105 20718 67167
19531 68998 95885 4291 59877 20923 81075 44310 48133 25329
8960 70676 53768 51142 41850 51774 46911 8024 12519 22171
55355 34931 18280 56047 77692 10775 63407 24417 1448 36342
88482 6367 15730 41842 91688 698 30949 62407 17736 19209
91176 93723 52217 46727 12199 74088 20507 7789 71202 37470
33356 65187 42491 51046 46930 11263 13650 84162 36071 98281
55004 4935 95892 86287 57590 4536 1261 8491 984 49765
3500 22969 96737 37335 26665 89326 91932 98594 41948 1966
55982 58435 1753 70623 21853 50857 21940 34135 84485 89354
28893 71783 56575 83869 56845 3017 99601 93773 22152 72995
3076 34575 6535 38413 45062 99236 69396 24589 7686 9780
18726 23966 20199 95477 24080 1201 78378 67713 22950 77562
79354 22711 44698 79357 44726 16844 6721 56302 59985 53516
57401 93909 72653 30844 51576 80146 75815 60175 59066 73356
71329 66022 83861 52138 64806 28760 96517 79362 5675 95332
13742 76229 8293 98921 16222 46441 20641 87394 54889 96376
5178 92425 97583 10742 36081 90821 10343 55698 26667 8690
94993 2891 39860 65172 29592 4236 99705 22112 74370 77493
5091 56282 75683 45868 66689 68564 39229 93979 52962 44200
24460 99025 52134 67969 2251 30818 13619 30493 84066 56367
54980 45540 49927 86185 85424 87098 96012 91571 61674 79353
96652 26447 71205 29093 67130 58713 25528 2078 39878 51260
65882 53318 30595 45055 95157 14705 48799 15226 12807 84482
48252 59589 34166 50587 93390 46862 83516 23849 56534 63184
38676 39972 30359 32559 34404 62288 18054 80861 42605 39305
7897 45497 46744 93667 78641 83787 86005 80226 1338 89948
55519 32046 78107 93449 86514 32669 65322 19212 10245 32325
30189 31891 37233 56512 73968 54807 31501 83445 59338 45727
24345 92154 76959 7425 65776 32097 80989 46652 60488 47859
19653 64417 92089 37208 44073 12555 67131 70894 58695 39570
6304 51245 9691 93924 87936 26976 15247 94467 92895 33323
77390 50389 31182 69794 29958 8315 67636 36071 38415 42273
11440 6145 80771 63626 11736 46277 56463 37646 37541 13810
97362 87250 15047 46287 26399 89017 83409 54659 47145 7246
49820 33781 35591 37283 53009 4514 89602 11326 52097 53476
7541 33406 96155 5534 32481 22296 71383 64313 394 65438
76192 690 31935 2526 79839 79475 64164 84888 28474 86866
11280 87342 48575 36662 65393 90675 91647 40275 98113 17456
50225 84314 41342 32260 22444 72888 77034 79687 33776 9668
18190 4597 3352 1395 94128 94648 51852 29375 94182 62188
2751 25314 1622 8612 87211 2137 8319 26636 99455 35957
28189 44446 59079 49682 14730 41838 15160 45054 12120 2887
50189 9938 10789 80477 93960 51351 90388 29483 97766 96631
75988 94608 53751 19075 18491 91306 57049 24592 79397 76321
10419 60309 86475 83060 13940 68141 73390 59541 43942 80955
59789 76774 95410 50953 41657 57476 9074 116 21342 49189
23800 55197 78563 76599 72417 92391 7689 44865 89594 63177
12822 9341 47974 81169 33427 81199 49041 16348 67923 53418
61089 76285 98276 69674 68684 48420 61567 20102 25251 46085
34391 73400 61743 274 89493 68849 9714 82525 91058 92094
5902 54559 44237 20293 27100 92303 57859 43954 59662 58459
74566 85795 71503 92865 85466 34880 10641 41904 79048 89517
70812 52075 56999 39518 70435 7983 75811 59627 93113 60464
50992 49455 42792 55450 22222 16620 59275 6555 40103 17634
76168 6552 35971 1103 75405 98576 91063 20078 82762 40025
76807 83593 62870 3916 12716 44012 88656 63357 14484 61606
55525 70284 89357 47857 32338 61543 95110 56204 60919 96970
71650 60264 72798 11510 6879 13130 8939 278 44041 94824
35749 20428 52707 67072 53717 20711 88580 92828 73418 8074
55541 21725 29986 59369 4778 5611 8959 92042 41380 11232
24146 58092 77158 30764 12642 39760 43749 61855 69461 5302
63945 85296 86298 63648 12293 9996 97364 42365 53692 31933
1017 40699 89822 42649 49749 51306 67889 70297 76204 37334
73661 81904 91460 18000 79441 25984 81044 19055 55365 39276
59466 15857 4325 56838 43173 80981 47361 12476 48174 89124
81462 56231 11975 59651 76200 40654 50995 37452 19443 63983
22760 59276 38219 4500 48142 58160 7686 92986 86871 4063
70062 8704 46923 5273 95606 47614 38984 53720 84176 47802
82148 89443 71418 9969 12493 159 32779 82124 96013 74514
75115 32912 87871 96167 89671 23488 84174 45212 75140 34153
26957 29171 57434 68765 79742 57702 43844 14537 27797 28139
13024 40093 45080 26449 17886 51162 40443 11948 55257 45108
58129 82927 15413 45229 77898 31594 89328 6063 86862 12648
12031 10671 98117 52398 26588 23926 43856 63394 93351 15849
99803 1205 94774 31623 54203 69592 82419 89287 35267 13349
34049 43027 47473 85613 29530 85810 81118 4752 5392 75582
49395 60680 97196 29604 22840 26161 65962 64139 2319 10271
78901 7486 15941 65771 12578 8734 63618 8859 91225 96350
45496 1869 32062 75210 63355 73163 76300 95456 66661 90122
72793 22325 61438 16461 25368 16246 63371 68538 51723 16094
23111 12275 70737 96257 63830 28155 98476 66105 78632 67123
62194 11132 1208 22311 89220 85504 94404 8247 33153 98032
74145 17896 48925 83865 86967 56158 32135 10310 11449 57068
24098 29643 77616 44308 89671 81586 50961 51428 34422 52352
76727 14713 29559 58208 42979 7869 34371 95932 77854 53746
88221 36224 58904 454 29458 90062 49471 89800 71318 52945
36336 38594 11552 76775 98221 4707 56692 62181 79286 69388
8989 26956 58974 35292 57791 14710 36477 99328 59769 40058
50439 56472 71764 22810 43057 97483 22808 5111 90564 10143
92725 93766 78592 34385 17144 84644 78508 66960 95689 81413
5207 73499 9140 66982 42425 96686 78356 93689 7485 11301
91106 7583 74324 91572 98954 27406 43131 86978 31823 46456
29070 48441 35024 16956 35723 81434 20129 93637 2658 91505
36223 54573 73202 72313 24330 38279 93623 37165 44004 1873
71246 40549 64596 69432 71441 56431 74869 80319 52317 95838
69811 41214 44501 55138 17284 27633 58265 84349 96626 6226
48470 24781 40651 88077 2688 42253 23578 76594 53279 3978
60175 77067 95149 40387 97932 6671 22251 17599 72270 71698
13762 80792 69361 57305 38281 36324 85530 75329 93069 57012
28932 89352 48783 64997 63920 20689 7583 3101 88229 90342
84485 103 95782 97237 21178 56848 64880 64075 38330 77017
